,,,,,,,,,,,,,,,,,,,,,,,,
,,,,,,,,,,,,,,,,,,,,,,,,
,,,,,,,,,,,,,,,,,,,,,,,,
,,,,,,,,,,,,,,,,,,,,,,,,
,,,,,,,,,,,,,,,,,,,,,,,,
,,,,,,,,,,,,,,,,,,,,,,,,
,,,,,,,,,,,,,,,,,,,,,,,,
,,,,,,,,,,,,,,,,,,,,,,,,
,,,,,,,,,,,,,,,,,,,,,,,,
,,,,,,,,,,,,,,,,,,,,,,,,
,,,,,,,,,,,,,,,,,,,,,,,,
Date,,,DryBulb {C},,,,,,,,,,,,,,,,,,,,,
Date,,,Dry Bulb Temperature {C},,,,,,,,,,,,,,,,,,,,,
1/1/2000,,,-0.6,,,,,,,,,,,,,,,,,,,,,
1/1/2000,,,-1.1,,,,,,,,,,,,,,,,,,,,,
1/1/2000,,,0,,,,,,,,,,,,,,,,,,,,,
1/1/2000,,,-1.7,,,,,,,,,,,,,,,,,,,,,
1/1/2000,,,-1.1,,,,,,,,,,,,,,,,,,,,,
1/1/2000,,,-1.7,,,,,,,,,,,,,,,,,,,,,
1/1/2000,,,-0.6,,,,,,,,,,,,,,,,,,,,,
1/1/2000,,,-1.7,,,,,,,,,,,,,,,,,,,,,
1/1/2000,,,-1.1,,,,,,,,,,,,,,,,,,,,,
1/1/2000,,,2.8,,,,,,,,,,,,,,,,,,,,,
1/1/2000,,,6.1,,,,,,,,,,,,,,,,,,,,,
1/1/2000,,,10,,,,,,,,,,,,,,,,,,,,,
1/1/2000,,,11.7,,,,,,,,,,,,,,,,,,,,,
1/1/2000,,,12.2,,,,,,,,,,,,,,,,,,,,,
1/1/2000,,,13.3,,,,,,,,,,,,,,,,,,,,,
1/1/2000,,,12.2,,,,,,,,,,,,,,,,,,,,,
1/1/2000,,,11.1,,,,,,,,,,,,,,,,,,,,,
1/1/2000,,,9.4,,,,,,,,,,,,,,,,,,,,,
1/1/2000,,,10,,,,,,,,,,,,,,,,,,,,,
1/1/2000,,,8.9,,,,,,,,,,,,,,,,,,,,,
1/1/2000,,,7.8,,,,,,,,,,,,,,,,,,,,,
1/1/2000,,,8.3,,,,,,,,,,,,,,,,,,,,,
1/1/2000,,,8.3,,,,,,,,,,,,,,,,,,,,,
1/1/2000,,,9.4,,,,,,,,,,,,,,,,,,,,,
1/2/2000,,,9.4,,,,,,,,,,,,,,,,,,,,,
1/2/2000,,,11.1,,,,,,,,,,,,,,,,,,,,,
1/2/2000,,,11.7,,,,,,,,,,,,,,,,,,,,,
1/2/2000,,,11.1,,,,,,,,,,,,,,,,,,,,,
1/2/2000,,,11.7,,,,,,,,,,,,,,,,,,,,,
1/2/2000,,,11.7,,,,,,,,,,,,,,,,,,,,,
1/2/2000,,,11.7,,,,,,,,,,,,,,,,,,,,,
1/2/2000,,,12.2,,,,,,,,,,,,,,,,,,,,,
1/2/2000,,,12.2,,,,,,,,,,,,,,,,,,,,,
1/2/2000,,,13.3,,,,,,,,,,,,,,,,,,,,,
1/2/2000,,,13.9,,,,,,,,,,,,,,,,,,,,,
1/2/2000,,,13.9,,,,,,,,,,,,,,,,,,,,,
1/2/2000,,,14.4,,,,,,,,,,,,,,,,,,,,,
1/2/2000,,,14,,,,,,,,,,,,,,,,,,,,,
1/2/2000,,,15.6,,,,,,,,,,,,,,,,,,,,,
1/2/2000,,,16.1,,,,,,,,,,,,,,,,,,,,,
1/2/2000,,,15.6,,,,,,,,,,,,,,,,,,,,,
1/2/2000,,,15.6,,,,,,,,,,,,,,,,,,,,,
1/2/2000,,,15.6,,,,,,,,,,,,,,,,,,,,,
1/2/2000,,,13.9,,,,,,,,,,,,,,,,,,,,,
1/2/2000,,,10,,,,,,,,,,,,,,,,,,,,,
1/2/2000,,,7.2,,,,,,,,,,,,,,,,,,,,,
1/2/2000,,,4.4,,,,,,,,,,,,,,,,,,,,,
1/2/2000,,,4.4,,,,,,,,,,,,,,,,,,,,,
1/3/2000,,,4.4,,,,,,,,,,,,,,,,,,,,,
1/3/2000,,,4.4,,,,,,,,,,,,,,,,,,,,,
1/3/2000,,,4.4,,,,,,,,,,,,,,,,,,,,,
1/3/2000,,,3.9,,,,,,,,,,,,,,,,,,,,,
1/3/2000,,,3.9,,,,,,,,,,,,,,,,,,,,,
1/3/2000,,,3.9,,,,,,,,,,,,,,,,,,,,,
1/3/2000,,,3.9,,,,,,,,,,,,,,,,,,,,,
1/3/2000,,,3.9,,,,,,,,,,,,,,,,,,,,,
1/3/2000,,,3.9,,,,,,,,,,,,,,,,,,,,,
1/3/2000,,,4.4,,,,,,,,,,,,,,,,,,,,,
1/3/2000,,,4,,,,,,,,,,,,,,,,,,,,,
1/3/2000,,,5,,,,,,,,,,,,,,,,,,,,,
1/3/2000,,,4.4,,,,,,,,,,,,,,,,,,,,,
1/3/2000,,,6.1,,,,,,,,,,,,,,,,,,,,,
1/3/2000,,,8,,,,,,,,,,,,,,,,,,,,,
1/3/2000,,,9.4,,,,,,,,,,,,,,,,,,,,,
1/3/2000,,,10,,,,,,,,,,,,,,,,,,,,,
1/3/2000,,,10,,,,,,,,,,,,,,,,,,,,,
1/3/2000,,,10,,,,,,,,,,,,,,,,,,,,,
1/3/2000,,,9.4,,,,,,,,,,,,,,,,,,,,,
1/3/2000,,,7.2,,,,,,,,,,,,,,,,,,,,,
1/3/2000,,,6.7,,,,,,,,,,,,,,,,,,,,,
1/3/2000,,,6.7,,,,,,,,,,,,,,,,,,,,,
1/3/2000,,,8.9,,,,,,,,,,,,,,,,,,,,,
1/4/2000,,,5,,,,,,,,,,,,,,,,,,,,,
1/4/2000,,,4.4,,,,,,,,,,,,,,,,,,,,,
1/4/2000,,,1.7,,,,,,,,,,,,,,,,,,,,,
1/4/2000,,,0.6,,,,,,,,,,,,,,,,,,,,,
1/4/2000,,,0,,,,,,,,,,,,,,,,,,,,,
1/4/2000,,,0,,,,,,,,,,,,,,,,,,,,,
1/4/2000,,,-0.6,,,,,,,,,,,,,,,,,,,,,
1/4/2000,,,-1.1,,,,,,,,,,,,,,,,,,,,,
1/4/2000,,,-1.1,,,,,,,,,,,,,,,,,,,,,
1/4/2000,,,-1.1,,,,,,,,,,,,,,,,,,,,,
1/4/2000,,,-1,,,,,,,,,,,,,,,,,,,,,
1/4/2000,,,-0.6,,,,,,,,,,,,,,,,,,,,,
1/4/2000,,,-1.1,,,,,,,,,,,,,,,,,,,,,
1/4/2000,,,-1.1,,,,,,,,,,,,,,,,,,,,,
1/4/2000,,,-1.1,,,,,,,,,,,,,,,,,,,,,
1/4/2000,,,-1.7,,,,,,,,,,,,,,,,,,,,,
1/4/2000,,,-2.2,,,,,,,,,,,,,,,,,,,,,
1/4/2000,,,-3,,,,,,,,,,,,,,,,,,,,,
1/4/2000,,,-2.8,,,,,,,,,,,,,,,,,,,,,
1/4/2000,,,-2.8,,,,,,,,,,,,,,,,,,,,,
1/4/2000,,,-3.3,,,,,,,,,,,,,,,,,,,,,
1/4/2000,,,-4.4,,,,,,,,,,,,,,,,,,,,,
1/4/2000,,,-4.4,,,,,,,,,,,,,,,,,,,,,
1/4/2000,,,-5,,,,,,,,,,,,,,,,,,,,,
1/5/2000,,,-5.6,,,,,,,,,,,,,,,,,,,,,
1/5/2000,,,-5.6,,,,,,,,,,,,,,,,,,,,,
1/5/2000,,,-6.1,,,,,,,,,,,,,,,,,,,,,
1/5/2000,,,-6.1,,,,,,,,,,,,,,,,,,,,,
1/5/2000,,,-6.7,,,,,,,,,,,,,,,,,,,,,
1/5/2000,,,-6.1,,,,,,,,,,,,,,,,,,,,,
1/5/2000,,,-6.7,,,,,,,,,,,,,,,,,,,,,
1/5/2000,,,-5.6,,,,,,,,,,,,,,,,,,,,,
1/5/2000,,,-6.1,,,,,,,,,,,,,,,,,,,,,
1/5/2000,,,-6.1,,,,,,,,,,,,,,,,,,,,,
1/5/2000,,,-5.6,,,,,,,,,,,,,,,,,,,,,
1/5/2000,,,-5.6,,,,,,,,,,,,,,,,,,,,,
1/5/2000,,,-4.4,,,,,,,,,,,,,,,,,,,,,
1/5/2000,,,-4.4,,,,,,,,,,,,,,,,,,,,,
1/5/2000,,,-3.9,,,,,,,,,,,,,,,,,,,,,
1/5/2000,,,-3.3,,,,,,,,,,,,,,,,,,,,,
1/5/2000,,,-3.3,,,,,,,,,,,,,,,,,,,,,
1/5/2000,,,-3.3,,,,,,,,,,,,,,,,,,,,,
1/5/2000,,,-3.3,,,,,,,,,,,,,,,,,,,,,
1/5/2000,,,-3.3,,,,,,,,,,,,,,,,,,,,,
1/5/2000,,,-3.3,,,,,,,,,,,,,,,,,,,,,
1/5/2000,,,-3.9,,,,,,,,,,,,,,,,,,,,,
1/5/2000,,,-3.3,,,,,,,,,,,,,,,,,,,,,
1/5/2000,,,-2.8,,,,,,,,,,,,,,,,,,,,,
1/6/2000,,,-2.2,,,,,,,,,,,,,,,,,,,,,
1/6/2000,,,-2.2,,,,,,,,,,,,,,,,,,,,,
1/6/2000,,,-2.2,,,,,,,,,,,,,,,,,,,,,
1/6/2000,,,-1.7,,,,,,,,,,,,,,,,,,,,,
1/6/2000,,,-1.1,,,,,,,,,,,,,,,,,,,,,
1/6/2000,,,-1.7,,,,,,,,,,,,,,,,,,,,,
1/6/2000,,,-1.7,,,,,,,,,,,,,,,,,,,,,
1/6/2000,,,-1.7,,,,,,,,,,,,,,,,,,,,,
1/6/2000,,,-1.7,,,,,,,,,,,,,,,,,,,,,
1/6/2000,,,0,,,,,,,,,,,,,,,,,,,,,
1/6/2000,,,1.7,,,,,,,,,,,,,,,,,,,,,
1/6/2000,,,2.8,,,,,,,,,,,,,,,,,,,,,
1/6/2000,,,4.4,,,,,,,,,,,,,,,,,,,,,
1/6/2000,,,5,,,,,,,,,,,,,,,,,,,,,
1/6/2000,,,5.6,,,,,,,,,,,,,,,,,,,,,
1/6/2000,,,5.6,,,,,,,,,,,,,,,,,,,,,
1/6/2000,,,5,,,,,,,,,,,,,,,,,,,,,
1/6/2000,,,2.8,,,,,,,,,,,,,,,,,,,,,
1/6/2000,,,2.8,,,,,,,,,,,,,,,,,,,,,
1/6/2000,,,2.8,,,,,,,,,,,,,,,,,,,,,
1/6/2000,,,2.8,,,,,,,,,,,,,,,,,,,,,
1/6/2000,,,2.2,,,,,,,,,,,,,,,,,,,,,
1/6/2000,,,2.2,,,,,,,,,,,,,,,,,,,,,
1/6/2000,,,1.1,,,,,,,,,,,,,,,,,,,,,
1/7/2000,,,-0.6,,,,,,,,,,,,,,,,,,,,,
1/7/2000,,,-1.7,,,,,,,,,,,,,,,,,,,,,
1/7/2000,,,-1.7,,,,,,,,,,,,,,,,,,,,,
1/7/2000,,,-1.7,,,,,,,,,,,,,,,,,,,,,
1/7/2000,,,-1.1,,,,,,,,,,,,,,,,,,,,,
1/7/2000,,,-0.6,,,,,,,,,,,,,,,,,,,,,
1/7/2000,,,-2.2,,,,,,,,,,,,,,,,,,,,,
1/7/2000,,,-3.3,,,,,,,,,,,,,,,,,,,,,
1/7/2000,,,-3.3,,,,,,,,,,,,,,,,,,,,,
1/7/2000,,,-2.2,,,,,,,,,,,,,,,,,,,,,
1/7/2000,,,-2.2,,,,,,,,,,,,,,,,,,,,,
1/7/2000,,,-1.7,,,,,,,,,,,,,,,,,,,,,
1/7/2000,,,-1.7,,,,,,,,,,,,,,,,,,,,,
1/7/2000,,,-0.6,,,,,,,,,,,,,,,,,,,,,
1/7/2000,,,0,,,,,,,,,,,,,,,,,,,,,
1/7/2000,,,0,,,,,,,,,,,,,,,,,,,,,
1/7/2000,,,-0.6,,,,,,,,,,,,,,,,,,,,,
1/7/2000,,,-1.1,,,,,,,,,,,,,,,,,,,,,
1/7/2000,,,-1.7,,,,,,,,,,,,,,,,,,,,,
1/7/2000,,,-2.8,,,,,,,,,,,,,,,,,,,,,
1/7/2000,,,-3.3,,,,,,,,,,,,,,,,,,,,,
1/7/2000,,,-3.3,,,,,,,,,,,,,,,,,,,,,
1/7/2000,,,-3.3,,,,,,,,,,,,,,,,,,,,,
1/7/2000,,,-3.3,,,,,,,,,,,,,,,,,,,,,
1/8/2000,,,-2.8,,,,,,,,,,,,,,,,,,,,,
1/8/2000,,,-1.7,,,,,,,,,,,,,,,,,,,,,
1/8/2000,,,-2.2,,,,,,,,,,,,,,,,,,,,,
1/8/2000,,,-2.2,,,,,,,,,,,,,,,,,,,,,
1/8/2000,,,-2.2,,,,,,,,,,,,,,,,,,,,,
1/8/2000,,,-2.2,,,,,,,,,,,,,,,,,,,,,
1/8/2000,,,-1.7,,,,,,,,,,,,,,,,,,,,,
1/8/2000,,,-1.1,,,,,,,,,,,,,,,,,,,,,
1/8/2000,,,0,,,,,,,,,,,,,,,,,,,,,
1/8/2000,,,1.7,,,,,,,,,,,,,,,,,,,,,
1/8/2000,,,5,,,,,,,,,,,,,,,,,,,,,
1/8/2000,,,6.7,,,,,,,,,,,,,,,,,,,,,
1/8/2000,,,6.7,,,,,,,,,,,,,,,,,,,,,
1/8/2000,,,7.2,,,,,,,,,,,,,,,,,,,,,
1/8/2000,,,6.7,,,,,,,,,,,,,,,,,,,,,
1/8/2000,,,6.1,,,,,,,,,,,,,,,,,,,,,
1/8/2000,,,5,,,,,,,,,,,,,,,,,,,,,
1/8/2000,,,4.4,,,,,,,,,,,,,,,,,,,,,
1/8/2000,,,4.4,,,,,,,,,,,,,,,,,,,,,
1/8/2000,,,3.9,,,,,,,,,,,,,,,,,,,,,
1/8/2000,,,3.9,,,,,,,,,,,,,,,,,,,,,
1/8/2000,,,3.9,,,,,,,,,,,,,,,,,,,,,
1/8/2000,,,3.9,,,,,,,,,,,,,,,,,,,,,
1/8/2000,,,4.4,,,,,,,,,,,,,,,,,,,,,
1/9/2000,,,3.3,,,,,,,,,,,,,,,,,,,,,
1/9/2000,,,3.9,,,,,,,,,,,,,,,,,,,,,
1/9/2000,,,3.9,,,,,,,,,,,,,,,,,,,,,
1/9/2000,,,3.9,,,,,,,,,,,,,,,,,,,,,
1/9/2000,,,4,,,,,,,,,,,,,,,,,,,,,
1/9/2000,,,3.3,,,,,,,,,,,,,,,,,,,,,
1/9/2000,,,2.8,,,,,,,,,,,,,,,,,,,,,
1/9/2000,,,2.8,,,,,,,,,,,,,,,,,,,,,
1/9/2000,,,3.3,,,,,,,,,,,,,,,,,,,,,
1/9/2000,,,3.9,,,,,,,,,,,,,,,,,,,,,
1/9/2000,,,4.4,,,,,,,,,,,,,,,,,,,,,
1/9/2000,,,5,,,,,,,,,,,,,,,,,,,,,
1/9/2000,,,6.1,,,,,,,,,,,,,,,,,,,,,
1/9/2000,,,6.7,,,,,,,,,,,,,,,,,,,,,
1/9/2000,,,7.2,,,,,,,,,,,,,,,,,,,,,
1/9/2000,,,7.8,,,,,,,,,,,,,,,,,,,,,
1/9/2000,,,7.8,,,,,,,,,,,,,,,,,,,,,
1/9/2000,,,7.2,,,,,,,,,,,,,,,,,,,,,
1/9/2000,,,7.2,,,,,,,,,,,,,,,,,,,,,
1/9/2000,,,6.7,,,,,,,,,,,,,,,,,,,,,
1/9/2000,,,6.7,,,,,,,,,,,,,,,,,,,,,
1/9/2000,,,6.7,,,,,,,,,,,,,,,,,,,,,
1/9/2000,,,7.2,,,,,,,,,,,,,,,,,,,,,
1/9/2000,,,7.2,,,,,,,,,,,,,,,,,,,,,
1/10/2000,,,7.2,,,,,,,,,,,,,,,,,,,,,
1/10/2000,,,7.2,,,,,,,,,,,,,,,,,,,,,
1/10/2000,,,7.2,,,,,,,,,,,,,,,,,,,,,
1/10/2000,,,7.2,,,,,,,,,,,,,,,,,,,,,
1/10/2000,,,7.8,,,,,,,,,,,,,,,,,,,,,
1/10/2000,,,7.8,,,,,,,,,,,,,,,,,,,,,
1/10/2000,,,7.8,,,,,,,,,,,,,,,,,,,,,
1/10/2000,,,7.2,,,,,,,,,,,,,,,,,,,,,
1/10/2000,,,6.7,,,,,,,,,,,,,,,,,,,,,
1/10/2000,,,6.7,,,,,,,,,,,,,,,,,,,,,
1/10/2000,,,6.7,,,,,,,,,,,,,,,,,,,,,
1/10/2000,,,7.2,,,,,,,,,,,,,,,,,,,,,
1/10/2000,,,9.4,,,,,,,,,,,,,,,,,,,,,
1/10/2000,,,10.6,,,,,,,,,,,,,,,,,,,,,
1/10/2000,,,11.1,,,,,,,,,,,,,,,,,,,,,
1/10/2000,,,11.1,,,,,,,,,,,,,,,,,,,,,
1/10/2000,,,10.6,,,,,,,,,,,,,,,,,,,,,
1/10/2000,,,9.4,,,,,,,,,,,,,,,,,,,,,
1/10/2000,,,7.8,,,,,,,,,,,,,,,,,,,,,
1/10/2000,,,7.2,,,,,,,,,,,,,,,,,,,,,
1/10/2000,,,6.7,,,,,,,,,,,,,,,,,,,,,
1/10/2000,,,6.1,,,,,,,,,,,,,,,,,,,,,
1/10/2000,,,5,,,,,,,,,,,,,,,,,,,,,
1/10/2000,,,6.7,,,,,,,,,,,,,,,,,,,,,
1/11/2000,,,5.6,,,,,,,,,,,,,,,,,,,,,
1/11/2000,,,4.4,,,,,,,,,,,,,,,,,,,,,
1/11/2000,,,3.9,,,,,,,,,,,,,,,,,,,,,
1/11/2000,,,3.9,,,,,,,,,,,,,,,,,,,,,
1/11/2000,,,3.3,,,,,,,,,,,,,,,,,,,,,
1/11/2000,,,2.2,,,,,,,,,,,,,,,,,,,,,
1/11/2000,,,1.7,,,,,,,,,,,,,,,,,,,,,
1/11/2000,,,1.1,,,,,,,,,,,,,,,,,,,,,
1/11/2000,,,0.6,,,,,,,,,,,,,,,,,,,,,
1/11/2000,,,0.6,,,,,,,,,,,,,,,,,,,,,
1/11/2000,,,1.1,,,,,,,,,,,,,,,,,,,,,
1/11/2000,,,1.7,,,,,,,,,,,,,,,,,,,,,
1/11/2000,,,1.7,,,,,,,,,,,,,,,,,,,,,
1/11/2000,,,2.2,,,,,,,,,,,,,,,,,,,,,
1/11/2000,,,3.3,,,,,,,,,,,,,,,,,,,,,
1/11/2000,,,3.3,,,,,,,,,,,,,,,,,,,,,
1/11/2000,,,3.3,,,,,,,,,,,,,,,,,,,,,
1/11/2000,,,1.1,,,,,,,,,,,,,,,,,,,,,
1/11/2000,,,0,,,,,,,,,,,,,,,,,,,,,
1/11/2000,,,0,,,,,,,,,,,,,,,,,,,,,
1/11/2000,,,0,,,,,,,,,,,,,,,,,,,,,
1/11/2000,,,0,,,,,,,,,,,,,,,,,,,,,
1/11/2000,,,-0.6,,,,,,,,,,,,,,,,,,,,,
1/11/2000,,,-1.1,,,,,,,,,,,,,,,,,,,,,
1/12/2000,,,-1.7,,,,,,,,,,,,,,,,,,,,,
1/12/2000,,,-2.2,,,,,,,,,,,,,,,,,,,,,
1/12/2000,,,-3.3,,,,,,,,,,,,,,,,,,,,,
1/12/2000,,,-3.9,,,,,,,,,,,,,,,,,,,,,
1/12/2000,,,-4.4,,,,,,,,,,,,,,,,,,,,,
1/12/2000,,,-5.6,,,,,,,,,,,,,,,,,,,,,
1/12/2000,,,-3.3,,,,,,,,,,,,,,,,,,,,,
1/12/2000,,,-3.3,,,,,,,,,,,,,,,,,,,,,
1/12/2000,,,-2.8,,,,,,,,,,,,,,,,,,,,,
1/12/2000,,,-0.6,,,,,,,,,,,,,,,,,,,,,
1/12/2000,,,1.1,,,,,,,,,,,,,,,,,,,,,
1/12/2000,,,3.9,,,,,,,,,,,,,,,,,,,,,
1/12/2000,,,6.1,,,,,,,,,,,,,,,,,,,,,
1/12/2000,,,7.2,,,,,,,,,,,,,,,,,,,,,
1/12/2000,,,7.2,,,,,,,,,,,,,,,,,,,,,
1/12/2000,,,7.2,,,,,,,,,,,,,,,,,,,,,
1/12/2000,,,6.1,,,,,,,,,,,,,,,,,,,,,
1/12/2000,,,5,,,,,,,,,,,,,,,,,,,,,
1/12/2000,,,5,,,,,,,,,,,,,,,,,,,,,
1/12/2000,,,3.9,,,,,,,,,,,,,,,,,,,,,
1/12/2000,,,3,,,,,,,,,,,,,,,,,,,,,
1/12/2000,,,2.2,,,,,,,,,,,,,,,,,,,,,
1/12/2000,,,2.2,,,,,,,,,,,,,,,,,,,,,
1/12/2000,,,1.7,,,,,,,,,,,,,,,,,,,,,
1/13/2000,,,1.1,,,,,,,,,,,,,,,,,,,,,
1/13/2000,,,-0.6,,,,,,,,,,,,,,,,,,,,,
1/13/2000,,,-1.1,,,,,,,,,,,,,,,,,,,,,
1/13/2000,,,-1,,,,,,,,,,,,,,,,,,,,,
1/13/2000,,,-0.6,,,,,,,,,,,,,,,,,,,,,
1/13/2000,,,-0.6,,,,,,,,,,,,,,,,,,,,,
1/13/2000,,,-0.6,,,,,,,,,,,,,,,,,,,,,
1/13/2000,,,0,,,,,,,,,,,,,,,,,,,,,
1/13/2000,,,-0.6,,,,,,,,,,,,,,,,,,,,,
1/13/2000,,,0,,,,,,,,,,,,,,,,,,,,,
1/13/2000,,,1,,,,,,,,,,,,,,,,,,,,,
1/13/2000,,,1.1,,,,,,,,,,,,,,,,,,,,,
1/13/2000,,,1.1,,,,,,,,,,,,,,,,,,,,,
1/13/2000,,,0.6,,,,,,,,,,,,,,,,,,,,,
1/13/2000,,,0,,,,,,,,,,,,,,,,,,,,,
1/13/2000,,,-0.6,,,,,,,,,,,,,,,,,,,,,
1/13/2000,,,-1,,,,,,,,,,,,,,,,,,,,,
1/13/2000,,,-1.7,,,,,,,,,,,,,,,,,,,,,
1/13/2000,,,-1.7,,,,,,,,,,,,,,,,,,,,,
1/13/2000,,,-2.2,,,,,,,,,,,,,,,,,,,,,
1/13/2000,,,-3.3,,,,,,,,,,,,,,,,,,,,,
1/13/2000,,,-5,,,,,,,,,,,,,,,,,,,,,
1/13/2000,,,-5.6,,,,,,,,,,,,,,,,,,,,,
1/13/2000,,,-6.7,,,,,,,,,,,,,,,,,,,,,
1/14/2000,,,-6.7,,,,,,,,,,,,,,,,,,,,,
1/14/2000,,,-7.2,,,,,,,,,,,,,,,,,,,,,
1/14/2000,,,-7.8,,,,,,,,,,,,,,,,,,,,,
1/14/2000,,,-8.9,,,,,,,,,,,,,,,,,,,,,
1/14/2000,,,-8.9,,,,,,,,,,,,,,,,,,,,,
1/14/2000,,,-9.4,,,,,,,,,,,,,,,,,,,,,
1/14/2000,,,-9.4,,,,,,,,,,,,,,,,,,,,,
1/14/2000,,,-10,,,,,,,,,,,,,,,,,,,,,
1/14/2000,,,-10,,,,,,,,,,,,,,,,,,,,,
1/14/2000,,,-7.2,,,,,,,,,,,,,,,,,,,,,
1/14/2000,,,-5.6,,,,,,,,,,,,,,,,,,,,,
1/14/2000,,,-3.9,,,,,,,,,,,,,,,,,,,,,
1/14/2000,,,-2.8,,,,,,,,,,,,,,,,,,,,,
1/14/2000,,,-1.7,,,,,,,,,,,,,,,,,,,,,
1/14/2000,,,-1.7,,,,,,,,,,,,,,,,,,,,,
1/14/2000,,,0,,,,,,,,,,,,,,,,,,,,,
1/14/2000,,,-0.6,,,,,,,,,,,,,,,,,,,,,
1/14/2000,,,-0.6,,,,,,,,,,,,,,,,,,,,,
1/14/2000,,,-1.1,,,,,,,,,,,,,,,,,,,,,
1/14/2000,,,-1.1,,,,,,,,,,,,,,,,,,,,,
1/14/2000,,,-1.7,,,,,,,,,,,,,,,,,,,,,
1/14/2000,,,-1.7,,,,,,,,,,,,,,,,,,,,,
1/14/2000,,,-1.7,,,,,,,,,,,,,,,,,,,,,
1/14/2000,,,-2.2,,,,,,,,,,,,,,,,,,,,,
1/15/2000,,,-2.2,,,,,,,,,,,,,,,,,,,,,
1/15/2000,,,-2.8,,,,,,,,,,,,,,,,,,,,,
1/15/2000,,,-2.2,,,,,,,,,,,,,,,,,,,,,
1/15/2000,,,-1.1,,,,,,,,,,,,,,,,,,,,,
1/15/2000,,,-1.1,,,,,,,,,,,,,,,,,,,,,
1/15/2000,,,-1.1,,,,,,,,,,,,,,,,,,,,,
1/15/2000,,,-1.7,,,,,,,,,,,,,,,,,,,,,
1/15/2000,,,-1.7,,,,,,,,,,,,,,,,,,,,,
1/15/2000,,,-1.1,,,,,,,,,,,,,,,,,,,,,
1/15/2000,,,0,,,,,,,,,,,,,,,,,,,,,
1/15/2000,,,1.7,,,,,,,,,,,,,,,,,,,,,
1/15/2000,,,3.3,,,,,,,,,,,,,,,,,,,,,
1/15/2000,,,5,,,,,,,,,,,,,,,,,,,,,
1/15/2000,,,6.7,,,,,,,,,,,,,,,,,,,,,
1/15/2000,,,8.3,,,,,,,,,,,,,,,,,,,,,
1/15/2000,,,8.9,,,,,,,,,,,,,,,,,,,,,
1/15/2000,,,7.2,,,,,,,,,,,,,,,,,,,,,
1/15/2000,,,6.7,,,,,,,,,,,,,,,,,,,,,
1/15/2000,,,6.1,,,,,,,,,,,,,,,,,,,,,
1/15/2000,,,5,,,,,,,,,,,,,,,,,,,,,
1/15/2000,,,4.4,,,,,,,,,,,,,,,,,,,,,
1/15/2000,,,5.6,,,,,,,,,,,,,,,,,,,,,
1/15/2000,,,7.2,,,,,,,,,,,,,,,,,,,,,
1/15/2000,,,7.2,,,,,,,,,,,,,,,,,,,,,
1/16/2000,,,7.2,,,,,,,,,,,,,,,,,,,,,
1/16/2000,,,6.7,,,,,,,,,,,,,,,,,,,,,
1/16/2000,,,5.6,,,,,,,,,,,,,,,,,,,,,
1/16/2000,,,5.6,,,,,,,,,,,,,,,,,,,,,
1/16/2000,,,5,,,,,,,,,,,,,,,,,,,,,
1/16/2000,,,3.3,,,,,,,,,,,,,,,,,,,,,
1/16/2000,,,2.2,,,,,,,,,,,,,,,,,,,,,
1/16/2000,,,1.7,,,,,,,,,,,,,,,,,,,,,
1/16/2000,,,1.7,,,,,,,,,,,,,,,,,,,,,
1/16/2000,,,2.2,,,,,,,,,,,,,,,,,,,,,
1/16/2000,,,2.2,,,,,,,,,,,,,,,,,,,,,
1/16/2000,,,2.8,,,,,,,,,,,,,,,,,,,,,
1/16/2000,,,2.2,,,,,,,,,,,,,,,,,,,,,
1/16/2000,,,1.7,,,,,,,,,,,,,,,,,,,,,
1/16/2000,,,1.1,,,,,,,,,,,,,,,,,,,,,
1/16/2000,,,0,,,,,,,,,,,,,,,,,,,,,
1/16/2000,,,-1,,,,,,,,,,,,,,,,,,,,,
1/16/2000,,,-1.1,,,,,,,,,,,,,,,,,,,,,
1/16/2000,,,-1.7,,,,,,,,,,,,,,,,,,,,,
1/16/2000,,,-2.2,,,,,,,,,,,,,,,,,,,,,
1/16/2000,,,-2.8,,,,,,,,,,,,,,,,,,,,,
1/16/2000,,,-2.8,,,,,,,,,,,,,,,,,,,,,
1/16/2000,,,-2.8,,,,,,,,,,,,,,,,,,,,,
1/16/2000,,,-3.3,,,,,,,,,,,,,,,,,,,,,
1/17/2000,,,-3.9,,,,,,,,,,,,,,,,,,,,,
1/17/2000,,,-4.4,,,,,,,,,,,,,,,,,,,,,
1/17/2000,,,-4.4,,,,,,,,,,,,,,,,,,,,,
1/17/2000,,,-5.6,,,,,,,,,,,,,,,,,,,,,
1/17/2000,,,-5.6,,,,,,,,,,,,,,,,,,,,,
1/17/2000,,,-6.1,,,,,,,,,,,,,,,,,,,,,
1/17/2000,,,-6.7,,,,,,,,,,,,,,,,,,,,,
1/17/2000,,,-6.7,,,,,,,,,,,,,,,,,,,,,
1/17/2000,,,-6.7,,,,,,,,,,,,,,,,,,,,,
1/17/2000,,,-6.1,,,,,,,,,,,,,,,,,,,,,
1/17/2000,,,-5.6,,,,,,,,,,,,,,,,,,,,,
1/17/2000,,,-4.4,,,,,,,,,,,,,,,,,,,,,
1/17/2000,,,-3.3,,,,,,,,,,,,,,,,,,,,,
1/17/2000,,,-3.3,,,,,,,,,,,,,,,,,,,,,
1/17/2000,,,-2.8,,,,,,,,,,,,,,,,,,,,,
1/17/2000,,,-2.8,,,,,,,,,,,,,,,,,,,,,
1/17/2000,,,-3.9,,,,,,,,,,,,,,,,,,,,,
1/17/2000,,,-3,,,,,,,,,,,,,,,,,,,,,
1/17/2000,,,-3.3,,,,,,,,,,,,,,,,,,,,,
1/17/2000,,,-3.9,,,,,,,,,,,,,,,,,,,,,
1/17/2000,,,-3.9,,,,,,,,,,,,,,,,,,,,,
1/17/2000,,,-3.9,,,,,,,,,,,,,,,,,,,,,
1/17/2000,,,-3.9,,,,,,,,,,,,,,,,,,,,,
1/17/2000,,,-3.9,,,,,,,,,,,,,,,,,,,,,
1/18/2000,,,-4.4,,,,,,,,,,,,,,,,,,,,,
1/18/2000,,,-4.4,,,,,,,,,,,,,,,,,,,,,
1/18/2000,,,-4.4,,,,,,,,,,,,,,,,,,,,,
1/18/2000,,,-3.9,,,,,,,,,,,,,,,,,,,,,
1/18/2000,,,-3.9,,,,,,,,,,,,,,,,,,,,,
1/18/2000,,,-3.9,,,,,,,,,,,,,,,,,,,,,
1/18/2000,,,-3.9,,,,,,,,,,,,,,,,,,,,,
1/18/2000,,,-4,,,,,,,,,,,,,,,,,,,,,
1/18/2000,,,-3.9,,,,,,,,,,,,,,,,,,,,,
1/18/2000,,,-2.8,,,,,,,,,,,,,,,,,,,,,
1/18/2000,,,-2.2,,,,,,,,,,,,,,,,,,,,,
1/18/2000,,,-0.6,,,,,,,,,,,,,,,,,,,,,
1/18/2000,,,-0.6,,,,,,,,,,,,,,,,,,,,,
1/18/2000,,,-0.6,,,,,,,,,,,,,,,,,,,,,
1/18/2000,,,0.6,,,,,,,,,,,,,,,,,,,,,
1/18/2000,,,1.1,,,,,,,,,,,,,,,,,,,,,
1/18/2000,,,0.6,,,,,,,,,,,,,,,,,,,,,
1/18/2000,,,-0.6,,,,,,,,,,,,,,,,,,,,,
1/18/2000,,,-1.7,,,,,,,,,,,,,,,,,,,,,
1/18/2000,,,-2.2,,,,,,,,,,,,,,,,,,,,,
1/18/2000,,,-2.2,,,,,,,,,,,,,,,,,,,,,
1/18/2000,,,-2.2,,,,,,,,,,,,,,,,,,,,,
1/18/2000,,,-2.8,,,,,,,,,,,,,,,,,,,,,
1/18/2000,,,-3.3,,,,,,,,,,,,,,,,,,,,,
1/19/2000,,,-3.3,,,,,,,,,,,,,,,,,,,,,
1/19/2000,,,-3.9,,,,,,,,,,,,,,,,,,,,,
1/19/2000,,,-3.9,,,,,,,,,,,,,,,,,,,,,
1/19/2000,,,-5,,,,,,,,,,,,,,,,,,,,,
1/19/2000,,,-6.7,,,,,,,,,,,,,,,,,,,,,
1/19/2000,,,-7.8,,,,,,,,,,,,,,,,,,,,,
1/19/2000,,,-7.8,,,,,,,,,,,,,,,,,,,,,
1/19/2000,,,-7.2,,,,,,,,,,,,,,,,,,,,,
1/19/2000,,,-6.7,,,,,,,,,,,,,,,,,,,,,
1/19/2000,,,-5,,,,,,,,,,,,,,,,,,,,,
1/19/2000,,,-2.8,,,,,,,,,,,,,,,,,,,,,
1/19/2000,,,-1.1,,,,,,,,,,,,,,,,,,,,,
1/19/2000,,,-0.6,,,,,,,,,,,,,,,,,,,,,
1/19/2000,,,-0.6,,,,,,,,,,,,,,,,,,,,,
1/19/2000,,,-1.1,,,,,,,,,,,,,,,,,,,,,
1/19/2000,,,-1.7,,,,,,,,,,,,,,,,,,,,,
1/19/2000,,,-2,,,,,,,,,,,,,,,,,,,,,
1/19/2000,,,-2.2,,,,,,,,,,,,,,,,,,,,,
1/19/2000,,,-2.2,,,,,,,,,,,,,,,,,,,,,
1/19/2000,,,-2.2,,,,,,,,,,,,,,,,,,,,,
1/19/2000,,,-2.2,,,,,,,,,,,,,,,,,,,,,
1/19/2000,,,-2.2,,,,,,,,,,,,,,,,,,,,,
1/19/2000,,,-2.2,,,,,,,,,,,,,,,,,,,,,
1/19/2000,,,-3,,,,,,,,,,,,,,,,,,,,,
1/20/2000,,,-3,,,,,,,,,,,,,,,,,,,,,
1/20/2000,,,-2.8,,,,,,,,,,,,,,,,,,,,,
1/20/2000,,,-3.3,,,,,,,,,,,,,,,,,,,,,
1/20/2000,,,-5,,,,,,,,,,,,,,,,,,,,,
1/20/2000,,,-6.7,,,,,,,,,,,,,,,,,,,,,
1/20/2000,,,-7.2,,,,,,,,,,,,,,,,,,,,,
1/20/2000,,,-7.8,,,,,,,,,,,,,,,,,,,,,
1/20/2000,,,-8.3,,,,,,,,,,,,,,,,,,,,,
1/20/2000,,,-10,,,,,,,,,,,,,,,,,,,,,
1/20/2000,,,-11.1,,,,,,,,,,,,,,,,,,,,,
1/20/2000,,,-11.1,,,,,,,,,,,,,,,,,,,,,
1/20/2000,,,-11.1,,,,,,,,,,,,,,,,,,,,,
1/20/2000,,,-10.6,,,,,,,,,,,,,,,,,,,,,
1/20/2000,,,-10.6,,,,,,,,,,,,,,,,,,,,,
1/20/2000,,,-11.1,,,,,,,,,,,,,,,,,,,,,
1/20/2000,,,-11.7,,,,,,,,,,,,,,,,,,,,,
1/20/2000,,,-13.3,,,,,,,,,,,,,,,,,,,,,
1/20/2000,,,-15,,,,,,,,,,,,,,,,,,,,,
1/20/2000,,,-16.1,,,,,,,,,,,,,,,,,,,,,
1/20/2000,,,-16.7,,,,,,,,,,,,,,,,,,,,,
1/20/2000,,,-17.2,,,,,,,,,,,,,,,,,,,,,
1/20/2000,,,-17.8,,,,,,,,,,,,,,,,,,,,,
1/20/2000,,,-17.8,,,,,,,,,,,,,,,,,,,,,
1/20/2000,,,-18.3,,,,,,,,,,,,,,,,,,,,,
1/21/2000,,,-18.9,,,,,,,,,,,,,,,,,,,,,
1/21/2000,,,-19.4,,,,,,,,,,,,,,,,,,,,,
1/21/2000,,,-20,,,,,,,,,,,,,,,,,,,,,
1/21/2000,,,-20.6,,,,,,,,,,,,,,,,,,,,,
1/21/2000,,,-21.1,,,,,,,,,,,,,,,,,,,,,
1/21/2000,,,-21.1,,,,,,,,,,,,,,,,,,,,,
1/21/2000,,,-21.7,,,,,,,,,,,,,,,,,,,,,
1/21/2000,,,-22.8,,,,,,,,,,,,,,,,,,,,,
1/21/2000,,,-21.1,,,,,,,,,,,,,,,,,,,,,
1/21/2000,,,-18.3,,,,,,,,,,,,,,,,,,,,,
1/21/2000,,,-16.7,,,,,,,,,,,,,,,,,,,,,
1/21/2000,,,-15,,,,,,,,,,,,,,,,,,,,,
1/21/2000,,,-13.9,,,,,,,,,,,,,,,,,,,,,
1/21/2000,,,-12.8,,,,,,,,,,,,,,,,,,,,,
1/21/2000,,,-12.8,,,,,,,,,,,,,,,,,,,,,
1/21/2000,,,-11.7,,,,,,,,,,,,,,,,,,,,,
1/21/2000,,,-12.8,,,,,,,,,,,,,,,,,,,,,
1/21/2000,,,-13.3,,,,,,,,,,,,,,,,,,,,,
1/21/2000,,,-15.6,,,,,,,,,,,,,,,,,,,,,
1/21/2000,,,-16.7,,,,,,,,,,,,,,,,,,,,,
1/21/2000,,,-17.8,,,,,,,,,,,,,,,,,,,,,
1/21/2000,,,-16.7,,,,,,,,,,,,,,,,,,,,,
1/21/2000,,,-15.6,,,,,,,,,,,,,,,,,,,,,
1/21/2000,,,-16.1,,,,,,,,,,,,,,,,,,,,,
1/22/2000,,,-15.6,,,,,,,,,,,,,,,,,,,,,
1/22/2000,,,-14.4,,,,,,,,,,,,,,,,,,,,,
1/22/2000,,,-12.8,,,,,,,,,,,,,,,,,,,,,
1/22/2000,,,-12.2,,,,,,,,,,,,,,,,,,,,,
1/22/2000,,,-11.1,,,,,,,,,,,,,,,,,,,,,
1/22/2000,,,-10,,,,,,,,,,,,,,,,,,,,,
1/22/2000,,,-9.4,,,,,,,,,,,,,,,,,,,,,
1/22/2000,,,-8.3,,,,,,,,,,,,,,,,,,,,,
1/22/2000,,,-8.3,,,,,,,,,,,,,,,,,,,,,
1/22/2000,,,-7.8,,,,,,,,,,,,,,,,,,,,,
1/22/2000,,,-6.7,,,,,,,,,,,,,,,,,,,,,
1/22/2000,,,-6.1,,,,,,,,,,,,,,,,,,,,,
1/22/2000,,,-5.6,,,,,,,,,,,,,,,,,,,,,
1/22/2000,,,-5,,,,,,,,,,,,,,,,,,,,,
1/22/2000,,,-3.9,,,,,,,,,,,,,,,,,,,,,
1/22/2000,,,-3,,,,,,,,,,,,,,,,,,,,,
1/22/2000,,,-3.3,,,,,,,,,,,,,,,,,,,,,
1/22/2000,,,-2.8,,,,,,,,,,,,,,,,,,,,,
1/22/2000,,,-2.8,,,,,,,,,,,,,,,,,,,,,
1/22/2000,,,-2.8,,,,,,,,,,,,,,,,,,,,,
1/22/2000,,,-2.2,,,,,,,,,,,,,,,,,,,,,
1/22/2000,,,-2.2,,,,,,,,,,,,,,,,,,,,,
1/22/2000,,,-2.2,,,,,,,,,,,,,,,,,,,,,
1/22/2000,,,-1.7,,,,,,,,,,,,,,,,,,,,,
1/23/2000,,,-1.1,,,,,,,,,,,,,,,,,,,,,
1/23/2000,,,-1.1,,,,,,,,,,,,,,,,,,,,,
1/23/2000,,,-1.1,,,,,,,,,,,,,,,,,,,,,
1/23/2000,,,-1.1,,,,,,,,,,,,,,,,,,,,,
1/23/2000,,,-1.1,,,,,,,,,,,,,,,,,,,,,
1/23/2000,,,-0.6,,,,,,,,,,,,,,,,,,,,,
1/23/2000,,,-0.6,,,,,,,,,,,,,,,,,,,,,
1/23/2000,,,-2.8,,,,,,,,,,,,,,,,,,,,,
1/23/2000,,,-5,,,,,,,,,,,,,,,,,,,,,
1/23/2000,,,-5,,,,,,,,,,,,,,,,,,,,,
1/23/2000,,,-5.6,,,,,,,,,,,,,,,,,,,,,
1/23/2000,,,-6.1,,,,,,,,,,,,,,,,,,,,,
1/23/2000,,,-6.7,,,,,,,,,,,,,,,,,,,,,
1/23/2000,,,-7.2,,,,,,,,,,,,,,,,,,,,,
1/23/2000,,,-7.8,,,,,,,,,,,,,,,,,,,,,
1/23/2000,,,-7.8,,,,,,,,,,,,,,,,,,,,,
1/23/2000,,,-8.9,,,,,,,,,,,,,,,,,,,,,
1/23/2000,,,-10.6,,,,,,,,,,,,,,,,,,,,,
1/23/2000,,,-11.1,,,,,,,,,,,,,,,,,,,,,
1/23/2000,,,-11.7,,,,,,,,,,,,,,,,,,,,,
1/23/2000,,,-12.2,,,,,,,,,,,,,,,,,,,,,
1/23/2000,,,-11.7,,,,,,,,,,,,,,,,,,,,,
1/23/2000,,,-13.3,,,,,,,,,,,,,,,,,,,,,
1/23/2000,,,-14.4,,,,,,,,,,,,,,,,,,,,,
1/24/2000,,,-15.6,,,,,,,,,,,,,,,,,,,,,
1/24/2000,,,-16.7,,,,,,,,,,,,,,,,,,,,,
1/24/2000,,,-17.8,,,,,,,,,,,,,,,,,,,,,
1/24/2000,,,-18.3,,,,,,,,,,,,,,,,,,,,,
1/24/2000,,,-18.9,,,,,,,,,,,,,,,,,,,,,
1/24/2000,,,-19.4,,,,,,,,,,,,,,,,,,,,,
1/24/2000,,,-20.6,,,,,,,,,,,,,,,,,,,,,
1/24/2000,,,-21.1,,,,,,,,,,,,,,,,,,,,,
1/24/2000,,,-20.6,,,,,,,,,,,,,,,,,,,,,
1/24/2000,,,-18.9,,,,,,,,,,,,,,,,,,,,,
1/24/2000,,,-17.2,,,,,,,,,,,,,,,,,,,,,
1/24/2000,,,-14.4,,,,,,,,,,,,,,,,,,,,,
1/24/2000,,,-12.8,,,,,,,,,,,,,,,,,,,,,
1/24/2000,,,-12.2,,,,,,,,,,,,,,,,,,,,,
1/24/2000,,,-11.7,,,,,,,,,,,,,,,,,,,,,
1/24/2000,,,-11.7,,,,,,,,,,,,,,,,,,,,,
1/24/2000,,,-11.7,,,,,,,,,,,,,,,,,,,,,
1/24/2000,,,-12.2,,,,,,,,,,,,,,,,,,,,,
1/24/2000,,,-13.3,,,,,,,,,,,,,,,,,,,,,
1/24/2000,,,-15,,,,,,,,,,,,,,,,,,,,,
1/24/2000,,,-15.6,,,,,,,,,,,,,,,,,,,,,
1/24/2000,,,-16.1,,,,,,,,,,,,,,,,,,,,,
1/24/2000,,,-16.7,,,,,,,,,,,,,,,,,,,,,
1/24/2000,,,-16.7,,,,,,,,,,,,,,,,,,,,,
1/25/2000,,,-16.7,,,,,,,,,,,,,,,,,,,,,
1/25/2000,,,-15,,,,,,,,,,,,,,,,,,,,,
1/25/2000,,,-14.4,,,,,,,,,,,,,,,,,,,,,
1/25/2000,,,-13.3,,,,,,,,,,,,,,,,,,,,,
1/25/2000,,,-11.7,,,,,,,,,,,,,,,,,,,,,
1/25/2000,,,-11.7,,,,,,,,,,,,,,,,,,,,,
1/25/2000,,,-10.6,,,,,,,,,,,,,,,,,,,,,
1/25/2000,,,-10.6,,,,,,,,,,,,,,,,,,,,,
1/25/2000,,,-9.4,,,,,,,,,,,,,,,,,,,,,
1/25/2000,,,-8.9,,,,,,,,,,,,,,,,,,,,,
1/25/2000,,,-9,,,,,,,,,,,,,,,,,,,,,
1/25/2000,,,-8.3,,,,,,,,,,,,,,,,,,,,,
1/25/2000,,,-7,,,,,,,,,,,,,,,,,,,,,
1/25/2000,,,-6.7,,,,,,,,,,,,,,,,,,,,,
1/25/2000,,,-6.1,,,,,,,,,,,,,,,,,,,,,
1/25/2000,,,-6.1,,,,,,,,,,,,,,,,,,,,,
1/25/2000,,,-6.7,,,,,,,,,,,,,,,,,,,,,
1/25/2000,,,-6.7,,,,,,,,,,,,,,,,,,,,,
1/25/2000,,,-7.2,,,,,,,,,,,,,,,,,,,,,
1/25/2000,,,-7.2,,,,,,,,,,,,,,,,,,,,,
1/25/2000,,,-7.8,,,,,,,,,,,,,,,,,,,,,
1/25/2000,,,-7.8,,,,,,,,,,,,,,,,,,,,,
1/25/2000,,,-8.9,,,,,,,,,,,,,,,,,,,,,
1/25/2000,,,-8.9,,,,,,,,,,,,,,,,,,,,,
1/26/2000,,,-9.4,,,,,,,,,,,,,,,,,,,,,
1/26/2000,,,-10.6,,,,,,,,,,,,,,,,,,,,,
1/26/2000,,,-11.7,,,,,,,,,,,,,,,,,,,,,
1/26/2000,,,-11.1,,,,,,,,,,,,,,,,,,,,,
1/26/2000,,,-11.1,,,,,,,,,,,,,,,,,,,,,
1/26/2000,,,-11.1,,,,,,,,,,,,,,,,,,,,,
1/26/2000,,,-11.7,,,,,,,,,,,,,,,,,,,,,
1/26/2000,,,-13.3,,,,,,,,,,,,,,,,,,,,,
1/26/2000,,,-13.3,,,,,,,,,,,,,,,,,,,,,
1/26/2000,,,-12,,,,,,,,,,,,,,,,,,,,,
1/26/2000,,,-11.1,,,,,,,,,,,,,,,,,,,,,
1/26/2000,,,-10.6,,,,,,,,,,,,,,,,,,,,,
1/26/2000,,,-10,,,,,,,,,,,,,,,,,,,,,
1/26/2000,,,-7.8,,,,,,,,,,,,,,,,,,,,,
1/26/2000,,,-7.8,,,,,,,,,,,,,,,,,,,,,
1/26/2000,,,-7.8,,,,,,,,,,,,,,,,,,,,,
1/26/2000,,,-8.9,,,,,,,,,,,,,,,,,,,,,
1/26/2000,,,-10,,,,,,,,,,,,,,,,,,,,,
1/26/2000,,,-11.7,,,,,,,,,,,,,,,,,,,,,
1/26/2000,,,-10.6,,,,,,,,,,,,,,,,,,,,,
1/26/2000,,,-9.4,,,,,,,,,,,,,,,,,,,,,
1/26/2000,,,-9.4,,,,,,,,,,,,,,,,,,,,,
1/26/2000,,,-9.4,,,,,,,,,,,,,,,,,,,,,
1/26/2000,,,-8.9,,,,,,,,,,,,,,,,,,,,,
1/27/2000,,,-9.4,,,,,,,,,,,,,,,,,,,,,
1/27/2000,,,-11.1,,,,,,,,,,,,,,,,,,,,,
1/27/2000,,,-11.7,,,,,,,,,,,,,,,,,,,,,
1/27/2000,,,-13.3,,,,,,,,,,,,,,,,,,,,,
1/27/2000,,,-11.7,,,,,,,,,,,,,,,,,,,,,
1/27/2000,,,-15.6,,,,,,,,,,,,,,,,,,,,,
1/27/2000,,,-15,,,,,,,,,,,,,,,,,,,,,
1/27/2000,,,-16.7,,,,,,,,,,,,,,,,,,,,,
1/27/2000,,,-14.4,,,,,,,,,,,,,,,,,,,,,
1/27/2000,,,-11.1,,,,,,,,,,,,,,,,,,,,,
1/27/2000,,,-10,,,,,,,,,,,,,,,,,,,,,
1/27/2000,,,-9.4,,,,,,,,,,,,,,,,,,,,,
1/27/2000,,,-8.3,,,,,,,,,,,,,,,,,,,,,
1/27/2000,,,-7.8,,,,,,,,,,,,,,,,,,,,,
1/27/2000,,,-8.3,,,,,,,,,,,,,,,,,,,,,
1/27/2000,,,-8.3,,,,,,,,,,,,,,,,,,,,,
1/27/2000,,,-8.9,,,,,,,,,,,,,,,,,,,,,
1/27/2000,,,-8.9,,,,,,,,,,,,,,,,,,,,,
1/27/2000,,,-11.1,,,,,,,,,,,,,,,,,,,,,
1/27/2000,,,-14.4,,,,,,,,,,,,,,,,,,,,,
1/27/2000,,,-16.1,,,,,,,,,,,,,,,,,,,,,
1/27/2000,,,-16.7,,,,,,,,,,,,,,,,,,,,,
1/27/2000,,,-14.4,,,,,,,,,,,,,,,,,,,,,
1/27/2000,,,-15.6,,,,,,,,,,,,,,,,,,,,,
1/28/2000,,,-18.3,,,,,,,,,,,,,,,,,,,,,
1/28/2000,,,-20,,,,,,,,,,,,,,,,,,,,,
1/28/2000,,,-19.4,,,,,,,,,,,,,,,,,,,,,
1/28/2000,,,-20,,,,,,,,,,,,,,,,,,,,,
1/28/2000,,,-20.6,,,,,,,,,,,,,,,,,,,,,
1/28/2000,,,-20,,,,,,,,,,,,,,,,,,,,,
1/28/2000,,,-20,,,,,,,,,,,,,,,,,,,,,
1/28/2000,,,-19.4,,,,,,,,,,,,,,,,,,,,,
1/28/2000,,,-17.2,,,,,,,,,,,,,,,,,,,,,
1/28/2000,,,-16.1,,,,,,,,,,,,,,,,,,,,,
1/28/2000,,,-13.9,,,,,,,,,,,,,,,,,,,,,
1/28/2000,,,-8.3,,,,,,,,,,,,,,,,,,,,,
1/28/2000,,,-6.7,,,,,,,,,,,,,,,,,,,,,
1/28/2000,,,-5.6,,,,,,,,,,,,,,,,,,,,,
1/28/2000,,,-6.1,,,,,,,,,,,,,,,,,,,,,
1/28/2000,,,-5.6,,,,,,,,,,,,,,,,,,,,,
1/28/2000,,,-6.1,,,,,,,,,,,,,,,,,,,,,
1/28/2000,,,-6.7,,,,,,,,,,,,,,,,,,,,,
1/28/2000,,,-7.2,,,,,,,,,,,,,,,,,,,,,
1/28/2000,,,-7.8,,,,,,,,,,,,,,,,,,,,,
1/28/2000,,,-7.8,,,,,,,,,,,,,,,,,,,,,
1/28/2000,,,-8.3,,,,,,,,,,,,,,,,,,,,,
1/28/2000,,,-8.9,,,,,,,,,,,,,,,,,,,,,
1/28/2000,,,-8.9,,,,,,,,,,,,,,,,,,,,,
1/29/2000,,,-8.9,,,,,,,,,,,,,,,,,,,,,
1/29/2000,,,-8.9,,,,,,,,,,,,,,,,,,,,,
1/29/2000,,,-7.8,,,,,,,,,,,,,,,,,,,,,
1/29/2000,,,-6.7,,,,,,,,,,,,,,,,,,,,,
1/29/2000,,,-6.7,,,,,,,,,,,,,,,,,,,,,
1/29/2000,,,-6.7,,,,,,,,,,,,,,,,,,,,,
1/29/2000,,,-6.7,,,,,,,,,,,,,,,,,,,,,
1/29/2000,,,-6.7,,,,,,,,,,,,,,,,,,,,,
1/29/2000,,,-6.1,,,,,,,,,,,,,,,,,,,,,
1/29/2000,,,-5.6,,,,,,,,,,,,,,,,,,,,,
1/29/2000,,,-5.6,,,,,,,,,,,,,,,,,,,,,
1/29/2000,,,-6,,,,,,,,,,,,,,,,,,,,,
1/29/2000,,,-6.1,,,,,,,,,,,,,,,,,,,,,
1/29/2000,,,-5.6,,,,,,,,,,,,,,,,,,,,,
1/29/2000,,,-5,,,,,,,,,,,,,,,,,,,,,
1/29/2000,,,-5,,,,,,,,,,,,,,,,,,,,,
1/29/2000,,,-5,,,,,,,,,,,,,,,,,,,,,
1/29/2000,,,-5,,,,,,,,,,,,,,,,,,,,,
1/29/2000,,,-5,,,,,,,,,,,,,,,,,,,,,
1/29/2000,,,-4.4,,,,,,,,,,,,,,,,,,,,,
1/29/2000,,,-4.4,,,,,,,,,,,,,,,,,,,,,
1/29/2000,,,-4,,,,,,,,,,,,,,,,,,,,,
1/29/2000,,,-4,,,,,,,,,,,,,,,,,,,,,
1/29/2000,,,-4,,,,,,,,,,,,,,,,,,,,,
1/30/2000,,,-3.9,,,,,,,,,,,,,,,,,,,,,
1/30/2000,,,-3.9,,,,,,,,,,,,,,,,,,,,,
1/30/2000,,,-4,,,,,,,,,,,,,,,,,,,,,
1/30/2000,,,-3.9,,,,,,,,,,,,,,,,,,,,,
1/30/2000,,,-4,,,,,,,,,,,,,,,,,,,,,
1/30/2000,,,-4.4,,,,,,,,,,,,,,,,,,,,,
1/30/2000,,,-6.1,,,,,,,,,,,,,,,,,,,,,
1/30/2000,,,-6.7,,,,,,,,,,,,,,,,,,,,,
1/30/2000,,,-6.1,,,,,,,,,,,,,,,,,,,,,
1/30/2000,,,-6.1,,,,,,,,,,,,,,,,,,,,,
1/30/2000,,,-5.6,,,,,,,,,,,,,,,,,,,,,
1/30/2000,,,-5.6,,,,,,,,,,,,,,,,,,,,,
1/30/2000,,,-5,,,,,,,,,,,,,,,,,,,,,
1/30/2000,,,-5,,,,,,,,,,,,,,,,,,,,,
1/30/2000,,,-4.4,,,,,,,,,,,,,,,,,,,,,
1/30/2000,,,-4.4,,,,,,,,,,,,,,,,,,,,,
1/30/2000,,,-5,,,,,,,,,,,,,,,,,,,,,
1/30/2000,,,-5,,,,,,,,,,,,,,,,,,,,,
1/30/2000,,,-5,,,,,,,,,,,,,,,,,,,,,
1/30/2000,,,-5,,,,,,,,,,,,,,,,,,,,,
1/30/2000,,,-5,,,,,,,,,,,,,,,,,,,,,
1/30/2000,,,-3.9,,,,,,,,,,,,,,,,,,,,,
1/30/2000,,,-2.8,,,,,,,,,,,,,,,,,,,,,
1/30/2000,,,-3.3,,,,,,,,,,,,,,,,,,,,,
1/31/2000,,,-3.3,,,,,,,,,,,,,,,,,,,,,
1/31/2000,,,-3.3,,,,,,,,,,,,,,,,,,,,,
1/31/2000,,,-2.8,,,,,,,,,,,,,,,,,,,,,
1/31/2000,,,-3.3,,,,,,,,,,,,,,,,,,,,,
1/31/2000,,,-5,,,,,,,,,,,,,,,,,,,,,
1/31/2000,,,-6.1,,,,,,,,,,,,,,,,,,,,,
1/31/2000,,,-7.8,,,,,,,,,,,,,,,,,,,,,
1/31/2000,,,-8.9,,,,,,,,,,,,,,,,,,,,,
1/31/2000,,,-10,,,,,,,,,,,,,,,,,,,,,
1/31/2000,,,-10,,,,,,,,,,,,,,,,,,,,,
1/31/2000,,,-8.9,,,,,,,,,,,,,,,,,,,,,
1/31/2000,,,-7.8,,,,,,,,,,,,,,,,,,,,,
1/31/2000,,,-6.7,,,,,,,,,,,,,,,,,,,,,
1/31/2000,,,-6.1,,,,,,,,,,,,,,,,,,,,,
1/31/2000,,,-6.1,,,,,,,,,,,,,,,,,,,,,
1/31/2000,,,-6.1,,,,,,,,,,,,,,,,,,,,,
1/31/2000,,,-6.1,,,,,,,,,,,,,,,,,,,,,
1/31/2000,,,-6.7,,,,,,,,,,,,,,,,,,,,,
1/31/2000,,,-7.2,,,,,,,,,,,,,,,,,,,,,
1/31/2000,,,-7.2,,,,,,,,,,,,,,,,,,,,,
1/31/2000,,,-6.1,,,,,,,,,,,,,,,,,,,,,
1/31/2000,,,-8,,,,,,,,,,,,,,,,,,,,,
1/31/2000,,,-10,,,,,,,,,,,,,,,,,,,,,
1/31/2000,,,-12,,,,,,,,,,,,,,,,,,,,,
2/1/1994,,,-13.9,,,,,,,,,,,,,,,,,,,,,
2/1/1994,,,-15.9,,,,,,,,,,,,,,,,,,,,,
2/1/1994,,,-17.9,,,,,,,,,,,,,,,,,,,,,
2/1/1994,,,-20,,,,,,,,,,,,,,,,,,,,,
2/1/1994,,,-19.5,,,,,,,,,,,,,,,,,,,,,
2/1/1994,,,-19.5,,,,,,,,,,,,,,,,,,,,,
2/1/1994,,,-19.5,,,,,,,,,,,,,,,,,,,,,
2/1/1994,,,-20,,,,,,,,,,,,,,,,,,,,,
2/1/1994,,,-18.4,,,,,,,,,,,,,,,,,,,,,
2/1/1994,,,-16.7,,,,,,,,,,,,,,,,,,,,,
2/1/1994,,,-14.5,,,,,,,,,,,,,,,,,,,,,
2/1/1994,,,-12.8,,,,,,,,,,,,,,,,,,,,,
2/1/1994,,,-11.7,,,,,,,,,,,,,,,,,,,,,
2/1/1994,,,-10.6,,,,,,,,,,,,,,,,,,,,,
2/1/1994,,,-8.9,,,,,,,,,,,,,,,,,,,,,
2/1/1994,,,-8.4,,,,,,,,,,,,,,,,,,,,,
2/1/1994,,,-8.4,,,,,,,,,,,,,,,,,,,,,
2/1/1994,,,-9.5,,,,,,,,,,,,,,,,,,,,,
2/1/1994,,,-10.6,,,,,,,,,,,,,,,,,,,,,
2/1/1994,,,-11.9,,,,,,,,,,,,,,,,,,,,,
2/1/1994,,,-12.8,,,,,,,,,,,,,,,,,,,,,
2/1/1994,,,-14.5,,,,,,,,,,,,,,,,,,,,,
2/1/1994,,,-13.4,,,,,,,,,,,,,,,,,,,,,
2/1/1994,,,-11.7,,,,,,,,,,,,,,,,,,,,,
2/2/1994,,,-11.2,,,,,,,,,,,,,,,,,,,,,
2/2/1994,,,-9.5,,,,,,,,,,,,,,,,,,,,,
2/2/1994,,,-7.8,,,,,,,,,,,,,,,,,,,,,
2/2/1994,,,-8.4,,,,,,,,,,,,,,,,,,,,,
2/2/1994,,,-7.8,,,,,,,,,,,,,,,,,,,,,
2/2/1994,,,-7.3,,,,,,,,,,,,,,,,,,,,,
2/2/1994,,,-6.7,,,,,,,,,,,,,,,,,,,,,
2/2/1994,,,-6.7,,,,,,,,,,,,,,,,,,,,,
2/2/1994,,,-6.2,,,,,,,,,,,,,,,,,,,,,
2/2/1994,,,-4.5,,,,,,,,,,,,,,,,,,,,,
2/2/1994,,,-2.8,,,,,,,,,,,,,,,,,,,,,
2/2/1994,,,-1.7,,,,,,,,,,,,,,,,,,,,,
2/2/1994,,,-1.3,,,,,,,,,,,,,,,,,,,,,
2/2/1994,,,-1.2,,,,,,,,,,,,,,,,,,,,,
2/2/1994,,,-1.7,,,,,,,,,,,,,,,,,,,,,
2/2/1994,,,-1.7,,,,,,,,,,,,,,,,,,,,,
2/2/1994,,,-2.3,,,,,,,,,,,,,,,,,,,,,
2/2/1994,,,-2.3,,,,,,,,,,,,,,,,,,,,,
2/2/1994,,,-1.7,,,,,,,,,,,,,,,,,,,,,
2/2/1994,,,-2.3,,,,,,,,,,,,,,,,,,,,,
2/2/1994,,,-1.2,,,,,,,,,,,,,,,,,,,,,
2/2/1994,,,-1.7,,,,,,,,,,,,,,,,,,,,,
2/2/1994,,,-2.3,,,,,,,,,,,,,,,,,,,,,
2/2/1994,,,-5.6,,,,,,,,,,,,,,,,,,,,,
2/3/1994,,,-6.7,,,,,,,,,,,,,,,,,,,,,
2/3/1994,,,-9.5,,,,,,,,,,,,,,,,,,,,,
2/3/1994,,,-10.6,,,,,,,,,,,,,,,,,,,,,
2/3/1994,,,-12.3,,,,,,,,,,,,,,,,,,,,,
2/3/1994,,,-12.8,,,,,,,,,,,,,,,,,,,,,
2/3/1994,,,-13.4,,,,,,,,,,,,,,,,,,,,,
2/3/1994,,,-13.4,,,,,,,,,,,,,,,,,,,,,
2/3/1994,,,-13.9,,,,,,,,,,,,,,,,,,,,,
2/3/1994,,,-13.4,,,,,,,,,,,,,,,,,,,,,
2/3/1994,,,-11.2,,,,,,,,,,,,,,,,,,,,,
2/3/1994,,,-8.9,,,,,,,,,,,,,,,,,,,,,
2/3/1994,,,-7.3,,,,,,,,,,,,,,,,,,,,,
2/3/1994,,,-5.6,,,,,,,,,,,,,,,,,,,,,
2/3/1994,,,-5,,,,,,,,,,,,,,,,,,,,,
2/3/1994,,,-4.5,,,,,,,,,,,,,,,,,,,,,
2/3/1994,,,-3.9,,,,,,,,,,,,,,,,,,,,,
2/3/1994,,,-3.9,,,,,,,,,,,,,,,,,,,,,
2/3/1994,,,1.1,,,,,,,,,,,,,,,,,,,,,
2/3/1994,,,-5.6,,,,,,,,,,,,,,,,,,,,,
2/3/1994,,,-6.6,,,,,,,,,,,,,,,,,,,,,
2/3/1994,,,-7.3,,,,,,,,,,,,,,,,,,,,,
2/3/1994,,,-7.3,,,,,,,,,,,,,,,,,,,,,
2/3/1994,,,-6.7,,,,,,,,,,,,,,,,,,,,,
2/3/1994,,,-6.7,,,,,,,,,,,,,,,,,,,,,
2/4/1994,,,-6.7,,,,,,,,,,,,,,,,,,,,,
2/4/1994,,,-8.4,,,,,,,,,,,,,,,,,,,,,
2/4/1994,,,-6.2,,,,,,,,,,,,,,,,,,,,,
2/4/1994,,,-5.6,,,,,,,,,,,,,,,,,,,,,
2/4/1994,,,-5.6,,,,,,,,,,,,,,,,,,,,,
2/4/1994,,,-5.6,,,,,,,,,,,,,,,,,,,,,
2/4/1994,,,-5,,,,,,,,,,,,,,,,,,,,,
2/4/1994,,,-5.6,,,,,,,,,,,,,,,,,,,,,
2/4/1994,,,-5,,,,,,,,,,,,,,,,,,,,,
2/4/1994,,,-4.5,,,,,,,,,,,,,,,,,,,,,
2/4/1994,,,-2.8,,,,,,,,,,,,,,,,,,,,,
2/4/1994,,,-2.8,,,,,,,,,,,,,,,,,,,,,
2/4/1994,,,-1.7,,,,,,,,,,,,,,,,,,,,,
2/4/1994,,,-1.7,,,,,,,,,,,,,,,,,,,,,
2/4/1994,,,-2.3,,,,,,,,,,,,,,,,,,,,,
2/4/1994,,,-2.3,,,,,,,,,,,,,,,,,,,,,
2/4/1994,,,-2.8,,,,,,,,,,,,,,,,,,,,,
2/4/1994,,,-5,,,,,,,,,,,,,,,,,,,,,
2/4/1994,,,-7.3,,,,,,,,,,,,,,,,,,,,,
2/4/1994,,,-8.4,,,,,,,,,,,,,,,,,,,,,
2/4/1994,,,-8.9,,,,,,,,,,,,,,,,,,,,,
2/4/1994,,,-10,,,,,,,,,,,,,,,,,,,,,
2/4/1994,,,-10.6,,,,,,,,,,,,,,,,,,,,,
2/4/1994,,,-11.2,,,,,,,,,,,,,,,,,,,,,
2/5/1994,,,-11.2,,,,,,,,,,,,,,,,,,,,,
2/5/1994,,,-11.7,,,,,,,,,,,,,,,,,,,,,
2/5/1994,,,-11.2,,,,,,,,,,,,,,,,,,,,,
2/5/1994,,,-11.2,,,,,,,,,,,,,,,,,,,,,
2/5/1994,,,-10.6,,,,,,,,,,,,,,,,,,,,,
2/5/1994,,,-10,,,,,,,,,,,,,,,,,,,,,
2/5/1994,,,-10.6,,,,,,,,,,,,,,,,,,,,,
2/5/1994,,,-10.6,,,,,,,,,,,,,,,,,,,,,
2/5/1994,,,-8.9,,,,,,,,,,,,,,,,,,,,,
2/5/1994,,,-4.5,,,,,,,,,,,,,,,,,,,,,
2/5/1994,,,-2.8,,,,,,,,,,,,,,,,,,,,,
2/5/1994,,,-1.2,,,,,,,,,,,,,,,,,,,,,
2/5/1994,,,1.1,,,,,,,,,,,,,,,,,,,,,
2/5/1994,,,1.6,,,,,,,,,,,,,,,,,,,,,
2/5/1994,,,2.1,,,,,,,,,,,,,,,,,,,,,
2/5/1994,,,2.2,,,,,,,,,,,,,,,,,,,,,
2/5/1994,,,1.6,,,,,,,,,,,,,,,,,,,,,
2/5/1994,,,0,,,,,,,,,,,,,,,,,,,,,
2/5/1994,,,-2.3,,,,,,,,,,,,,,,,,,,,,
2/5/1994,,,-2.8,,,,,,,,,,,,,,,,,,,,,
2/5/1994,,,-4.5,,,,,,,,,,,,,,,,,,,,,
2/5/1994,,,-6.2,,,,,,,,,,,,,,,,,,,,,
2/5/1994,,,-6.2,,,,,,,,,,,,,,,,,,,,,
2/5/1994,,,-7.3,,,,,,,,,,,,,,,,,,,,,
2/6/1994,,,-7.3,,,,,,,,,,,,,,,,,,,,,
2/6/1994,,,-8.4,,,,,,,,,,,,,,,,,,,,,
2/6/1994,,,-9.5,,,,,,,,,,,,,,,,,,,,,
2/6/1994,,,-8.4,,,,,,,,,,,,,,,,,,,,,
2/6/1994,,,-7.3,,,,,,,,,,,,,,,,,,,,,
2/6/1994,,,-7.3,,,,,,,,,,,,,,,,,,,,,
2/6/1994,,,-5.6,,,,,,,,,,,,,,,,,,,,,
2/6/1994,,,-5,,,,,,,,,,,,,,,,,,,,,
2/6/1994,,,-2.3,,,,,,,,,,,,,,,,,,,,,
2/6/1994,,,0,,,,,,,,,,,,,,,,,,,,,
2/6/1994,,,2.2,,,,,,,,,,,,,,,,,,,,,
2/6/1994,,,5,,,,,,,,,,,,,,,,,,,,,
2/6/1994,,,7.2,,,,,,,,,,,,,,,,,,,,,
2/6/1994,,,6.6,,,,,,,,,,,,,,,,,,,,,
2/6/1994,,,6.6,,,,,,,,,,,,,,,,,,,,,
2/6/1994,,,5.5,,,,,,,,,,,,,,,,,,,,,
2/6/1994,,,4.4,,,,,,,,,,,,,,,,,,,,,
2/6/1994,,,2.7,,,,,,,,,,,,,,,,,,,,,
2/6/1994,,,1.1,,,,,,,,,,,,,,,,,,,,,
2/6/1994,,,-0.2,,,,,,,,,,,,,,,,,,,,,
2/6/1994,,,-1.2,,,,,,,,,,,,,,,,,,,,,
2/6/1994,,,-1.7,,,,,,,,,,,,,,,,,,,,,
2/6/1994,,,-3.4,,,,,,,,,,,,,,,,,,,,,
2/6/1994,,,-3.9,,,,,,,,,,,,,,,,,,,,,
2/7/1994,,,-4.5,,,,,,,,,,,,,,,,,,,,,
2/7/1994,,,-5,,,,,,,,,,,,,,,,,,,,,
2/7/1994,,,-5.6,,,,,,,,,,,,,,,,,,,,,
2/7/1994,,,-6.7,,,,,,,,,,,,,,,,,,,,,
2/7/1994,,,-6.7,,,,,,,,,,,,,,,,,,,,,
2/7/1994,,,-6.7,,,,,,,,,,,,,,,,,,,,,
2/7/1994,,,-7.3,,,,,,,,,,,,,,,,,,,,,
2/7/1994,,,-8.4,,,,,,,,,,,,,,,,,,,,,
2/7/1994,,,-6.7,,,,,,,,,,,,,,,,,,,,,
2/7/1994,,,-6.2,,,,,,,,,,,,,,,,,,,,,
2/7/1994,,,-5.6,,,,,,,,,,,,,,,,,,,,,
2/7/1994,,,-5,,,,,,,,,,,,,,,,,,,,,
2/7/1994,,,-4.5,,,,,,,,,,,,,,,,,,,,,
2/7/1994,,,-3.4,,,,,,,,,,,,,,,,,,,,,
2/7/1994,,,-2.8,,,,,,,,,,,,,,,,,,,,,
2/7/1994,,,-3.9,,,,,,,,,,,,,,,,,,,,,
2/7/1994,,,-3.9,,,,,,,,,,,,,,,,,,,,,
2/7/1994,,,-3.9,,,,,,,,,,,,,,,,,,,,,
2/7/1994,,,-4.5,,,,,,,,,,,,,,,,,,,,,
2/7/1994,,,-4.5,,,,,,,,,,,,,,,,,,,,,
2/7/1994,,,-5.6,,,,,,,,,,,,,,,,,,,,,
2/7/1994,,,-6.2,,,,,,,,,,,,,,,,,,,,,
2/7/1994,,,-6.2,,,,,,,,,,,,,,,,,,,,,
2/7/1994,,,-6.7,,,,,,,,,,,,,,,,,,,,,
2/8/1994,,,-7.3,,,,,,,,,,,,,,,,,,,,,
2/8/1994,,,-7.8,,,,,,,,,,,,,,,,,,,,,
2/8/1994,,,-8.4,,,,,,,,,,,,,,,,,,,,,
2/8/1994,,,-8.4,,,,,,,,,,,,,,,,,,,,,
2/8/1994,,,-8.4,,,,,,,,,,,,,,,,,,,,,
2/8/1994,,,-8.9,,,,,,,,,,,,,,,,,,,,,
2/8/1994,,,-9.5,,,,,,,,,,,,,,,,,,,,,
2/8/1994,,,-10,,,,,,,,,,,,,,,,,,,,,
2/8/1994,,,-10,,,,,,,,,,,,,,,,,,,,,
2/8/1994,,,-10.6,,,,,,,,,,,,,,,,,,,,,
2/8/1994,,,-10.6,,,,,,,,,,,,,,,,,,,,,
2/8/1994,,,-10.6,,,,,,,,,,,,,,,,,,,,,
2/8/1994,,,-10,,,,,,,,,,,,,,,,,,,,,
2/8/1994,,,-10,,,,,,,,,,,,,,,,,,,,,
2/8/1994,,,-9.5,,,,,,,,,,,,,,,,,,,,,
2/8/1994,,,-9.5,,,,,,,,,,,,,,,,,,,,,
2/8/1994,,,-9.5,,,,,,,,,,,,,,,,,,,,,
2/8/1994,,,-12.3,,,,,,,,,,,,,,,,,,,,,
2/8/1994,,,-9.5,,,,,,,,,,,,,,,,,,,,,
2/8/1994,,,-10,,,,,,,,,,,,,,,,,,,,,
2/8/1994,,,-10,,,,,,,,,,,,,,,,,,,,,
2/8/1994,,,-10,,,,,,,,,,,,,,,,,,,,,
2/8/1994,,,-10.6,,,,,,,,,,,,,,,,,,,,,
2/8/1994,,,-10.6,,,,,,,,,,,,,,,,,,,,,
2/9/1994,,,-10.6,,,,,,,,,,,,,,,,,,,,,
2/9/1994,,,-10.6,,,,,,,,,,,,,,,,,,,,,
2/9/1994,,,-10.6,,,,,,,,,,,,,,,,,,,,,
2/9/1994,,,-11.2,,,,,,,,,,,,,,,,,,,,,
2/9/1994,,,-11.7,,,,,,,,,,,,,,,,,,,,,
2/9/1994,,,-11.7,,,,,,,,,,,,,,,,,,,,,
2/9/1994,,,-11.7,,,,,,,,,,,,,,,,,,,,,
2/9/1994,,,-12.3,,,,,,,,,,,,,,,,,,,,,
2/9/1994,,,-12.3,,,,,,,,,,,,,,,,,,,,,
2/9/1994,,,-11.7,,,,,,,,,,,,,,,,,,,,,
2/9/1994,,,-10.6,,,,,,,,,,,,,,,,,,,,,
2/9/1994,,,-8.9,,,,,,,,,,,,,,,,,,,,,
2/9/1994,,,-8.9,,,,,,,,,,,,,,,,,,,,,
2/9/1994,,,-7.8,,,,,,,,,,,,,,,,,,,,,
2/9/1994,,,-7.8,,,,,,,,,,,,,,,,,,,,,
2/9/1994,,,-8.4,,,,,,,,,,,,,,,,,,,,,
2/9/1994,,,-8.4,,,,,,,,,,,,,,,,,,,,,
2/9/1994,,,-8.9,,,,,,,,,,,,,,,,,,,,,
2/9/1994,,,-10,,,,,,,,,,,,,,,,,,,,,
2/9/1994,,,-10.6,,,,,,,,,,,,,,,,,,,,,
2/9/1994,,,-11.2,,,,,,,,,,,,,,,,,,,,,
2/9/1994,,,-11.7,,,,,,,,,,,,,,,,,,,,,
2/9/1994,,,-14.5,,,,,,,,,,,,,,,,,,,,,
2/9/1994,,,-14.5,,,,,,,,,,,,,,,,,,,,,
2/10/1994,,,-13.9,,,,,,,,,,,,,,,,,,,,,
2/10/1994,,,-18.4,,,,,,,,,,,,,,,,,,,,,
2/10/1994,,,-15.6,,,,,,,,,,,,,,,,,,,,,
2/10/1994,,,-14.5,,,,,,,,,,,,,,,,,,,,,
2/10/1994,,,-14.5,,,,,,,,,,,,,,,,,,,,,
2/10/1994,,,-15,,,,,,,,,,,,,,,,,,,,,
2/10/1994,,,-15,,,,,,,,,,,,,,,,,,,,,
2/10/1994,,,-15.6,,,,,,,,,,,,,,,,,,,,,
2/10/1994,,,-14.5,,,,,,,,,,,,,,,,,,,,,
2/10/1994,,,-11.7,,,,,,,,,,,,,,,,,,,,,
2/10/1994,,,-9.5,,,,,,,,,,,,,,,,,,,,,
2/10/1994,,,-8.4,,,,,,,,,,,,,,,,,,,,,
2/10/1994,,,-7.8,,,,,,,,,,,,,,,,,,,,,
2/10/1994,,,-6.7,,,,,,,,,,,,,,,,,,,,,
2/10/1994,,,-6.7,,,,,,,,,,,,,,,,,,,,,
2/10/1994,,,-6.7,,,,,,,,,,,,,,,,,,,,,
2/10/1994,,,-6.7,,,,,,,,,,,,,,,,,,,,,
2/10/1994,,,-7.1,,,,,,,,,,,,,,,,,,,,,
2/10/1994,,,-7.8,,,,,,,,,,,,,,,,,,,,,
2/10/1994,,,-8.4,,,,,,,,,,,,,,,,,,,,,
2/10/1994,,,-8.9,,,,,,,,,,,,,,,,,,,,,
2/10/1994,,,-9.5,,,,,,,,,,,,,,,,,,,,,
2/10/1994,,,-10,,,,,,,,,,,,,,,,,,,,,
2/10/1994,,,-10,,,,,,,,,,,,,,,,,,,,,
2/11/1994,,,-10,,,,,,,,,,,,,,,,,,,,,
2/11/1994,,,-10.6,,,,,,,,,,,,,,,,,,,,,
2/11/1994,,,-10.6,,,,,,,,,,,,,,,,,,,,,
2/11/1994,,,-10.6,,,,,,,,,,,,,,,,,,,,,
2/11/1994,,,-11.2,,,,,,,,,,,,,,,,,,,,,
2/11/1994,,,-11.2,,,,,,,,,,,,,,,,,,,,,
2/11/1994,,,-11.7,,,,,,,,,,,,,,,,,,,,,
2/11/1994,,,-11.7,,,,,,,,,,,,,,,,,,,,,
2/11/1994,,,-11.7,,,,,,,,,,,,,,,,,,,,,
2/11/1994,,,-9.5,,,,,,,,,,,,,,,,,,,,,
2/11/1994,,,-7.8,,,,,,,,,,,,,,,,,,,,,
2/11/1994,,,-6.7,,,,,,,,,,,,,,,,,,,,,
2/11/1994,,,-5.6,,,,,,,,,,,,,,,,,,,,,
2/11/1994,,,-3.9,,,,,,,,,,,,,,,,,,,,,
2/11/1994,,,-2.8,,,,,,,,,,,,,,,,,,,,,
2/11/1994,,,-1.7,,,,,,,,,,,,,,,,,,,,,
2/11/1994,,,-2.3,,,,,,,,,,,,,,,,,,,,,
2/11/1994,,,-3.4,,,,,,,,,,,,,,,,,,,,,
2/11/1994,,,-4,,,,,,,,,,,,,,,,,,,,,
2/11/1994,,,-4.5,,,,,,,,,,,,,,,,,,,,,
2/11/1994,,,-5,,,,,,,,,,,,,,,,,,,,,
2/11/1994,,,-5.6,,,,,,,,,,,,,,,,,,,,,
2/11/1994,,,-6.2,,,,,,,,,,,,,,,,,,,,,
2/11/1994,,,-6.7,,,,,,,,,,,,,,,,,,,,,
2/12/1994,,,-7.3,,,,,,,,,,,,,,,,,,,,,
2/12/1994,,,-7.8,,,,,,,,,,,,,,,,,,,,,
2/12/1994,,,-8.4,,,,,,,,,,,,,,,,,,,,,
2/12/1994,,,-8.9,,,,,,,,,,,,,,,,,,,,,
2/12/1994,,,-8.4,,,,,,,,,,,,,,,,,,,,,
2/12/1994,,,-8.4,,,,,,,,,,,,,,,,,,,,,
2/12/1994,,,-7.8,,,,,,,,,,,,,,,,,,,,,
2/12/1994,,,-7.8,,,,,,,,,,,,,,,,,,,,,
2/12/1994,,,-7.3,,,,,,,,,,,,,,,,,,,,,
2/12/1994,,,-5.6,,,,,,,,,,,,,,,,,,,,,
2/12/1994,,,-3.4,,,,,,,,,,,,,,,,,,,,,
2/12/1994,,,-1.2,,,,,,,,,,,,,,,,,,,,,
2/12/1994,,,-0.6,,,,,,,,,,,,,,,,,,,,,
2/12/1994,,,0,,,,,,,,,,,,,,,,,,,,,
2/12/1994,,,1.1,,,,,,,,,,,,,,,,,,,,,
2/12/1994,,,0.5,,,,,,,,,,,,,,,,,,,,,
2/12/1994,,,1.1,,,,,,,,,,,,,,,,,,,,,
2/12/1994,,,1.1,,,,,,,,,,,,,,,,,,,,,
2/12/1994,,,1.1,,,,,,,,,,,,,,,,,,,,,
2/12/1994,,,1.1,,,,,,,,,,,,,,,,,,,,,
2/12/1994,,,1.1,,,,,,,,,,,,,,,,,,,,,
2/12/1994,,,1.1,,,,,,,,,,,,,,,,,,,,,
2/12/1994,,,-1.2,,,,,,,,,,,,,,,,,,,,,
2/12/1994,,,-3.4,,,,,,,,,,,,,,,,,,,,,
2/13/1994,,,-4.5,,,,,,,,,,,,,,,,,,,,,
2/13/1994,,,-5,,,,,,,,,,,,,,,,,,,,,
2/13/1994,,,-4.5,,,,,,,,,,,,,,,,,,,,,
2/13/1994,,,-4.5,,,,,,,,,,,,,,,,,,,,,
2/13/1994,,,-5.6,,,,,,,,,,,,,,,,,,,,,
2/13/1994,,,-6.7,,,,,,,,,,,,,,,,,,,,,
2/13/1994,,,-7.8,,,,,,,,,,,,,,,,,,,,,
2/13/1994,,,-8.4,,,,,,,,,,,,,,,,,,,,,
2/13/1994,,,-7.3,,,,,,,,,,,,,,,,,,,,,
2/13/1994,,,-5.6,,,,,,,,,,,,,,,,,,,,,
2/13/1994,,,-5,,,,,,,,,,,,,,,,,,,,,
2/13/1994,,,-5,,,,,,,,,,,,,,,,,,,,,
2/13/1994,,,-4.5,,,,,,,,,,,,,,,,,,,,,
2/13/1994,,,-2.8,,,,,,,,,,,,,,,,,,,,,
2/13/1994,,,-1.7,,,,,,,,,,,,,,,,,,,,,
2/13/1994,,,0,,,,,,,,,,,,,,,,,,,,,
2/13/1994,,,0.5,,,,,,,,,,,,,,,,,,,,,
2/13/1994,,,0,,,,,,,,,,,,,,,,,,,,,
2/13/1994,,,-1.2,,,,,,,,,,,,,,,,,,,,,
2/13/1994,,,-1.7,,,,,,,,,,,,,,,,,,,,,
2/13/1994,,,-2.3,,,,,,,,,,,,,,,,,,,,,
2/13/1994,,,-2.9,,,,,,,,,,,,,,,,,,,,,
2/13/1994,,,-3.4,,,,,,,,,,,,,,,,,,,,,
2/13/1994,,,-3.4,,,,,,,,,,,,,,,,,,,,,
2/14/1994,,,-4.5,,,,,,,,,,,,,,,,,,,,,
2/14/1994,,,-5,,,,,,,,,,,,,,,,,,,,,
2/14/1994,,,-5,,,,,,,,,,,,,,,,,,,,,
2/14/1994,,,-5,,,,,,,,,,,,,,,,,,,,,
2/14/1994,,,-5.1,,,,,,,,,,,,,,,,,,,,,
2/14/1994,,,-5,,,,,,,,,,,,,,,,,,,,,
2/14/1994,,,-5,,,,,,,,,,,,,,,,,,,,,
2/14/1994,,,-4.5,,,,,,,,,,,,,,,,,,,,,
2/14/1994,,,-2.3,,,,,,,,,,,,,,,,,,,,,
2/14/1994,,,1.1,,,,,,,,,,,,,,,,,,,,,
2/14/1994,,,3.3,,,,,,,,,,,,,,,,,,,,,
2/14/1994,,,4.7,,,,,,,,,,,,,,,,,,,,,
2/14/1994,,,6.1,,,,,,,,,,,,,,,,,,,,,
2/14/1994,,,7.7,,,,,,,,,,,,,,,,,,,,,
2/14/1994,,,8.8,,,,,,,,,,,,,,,,,,,,,
2/14/1994,,,8.8,,,,,,,,,,,,,,,,,,,,,
2/14/1994,,,8.3,,,,,,,,,,,,,,,,,,,,,
2/14/1994,,,7.2,,,,,,,,,,,,,,,,,,,,,
2/14/1994,,,5,,,,,,,,,,,,,,,,,,,,,
2/14/1994,,,3.8,,,,,,,,,,,,,,,,,,,,,
2/14/1994,,,4.4,,,,,,,,,,,,,,,,,,,,,
2/14/1994,,,4.4,,,,,,,,,,,,,,,,,,,,,
2/14/1994,,,4.4,,,,,,,,,,,,,,,,,,,,,
2/14/1994,,,4.4,,,,,,,,,,,,,,,,,,,,,
2/15/1994,,,3.8,,,,,,,,,,,,,,,,,,,,,
2/15/1994,,,3.8,,,,,,,,,,,,,,,,,,,,,
2/15/1994,,,3.3,,,,,,,,,,,,,,,,,,,,,
2/15/1994,,,3.3,,,,,,,,,,,,,,,,,,,,,
2/15/1994,,,3.3,,,,,,,,,,,,,,,,,,,,,
2/15/1994,,,2.7,,,,,,,,,,,,,,,,,,,,,
2/15/1994,,,2.2,,,,,,,,,,,,,,,,,,,,,
2/15/1994,,,1.1,,,,,,,,,,,,,,,,,,,,,
2/15/1994,,,2.2,,,,,,,,,,,,,,,,,,,,,
2/15/1994,,,3.3,,,,,,,,,,,,,,,,,,,,,
2/15/1994,,,3.8,,,,,,,,,,,,,,,,,,,,,
2/15/1994,,,3.8,,,,,,,,,,,,,,,,,,,,,
2/15/1994,,,3.8,,,,,,,,,,,,,,,,,,,,,
2/15/1994,,,5,,,,,,,,,,,,,,,,,,,,,
2/15/1994,,,5.5,,,,,,,,,,,,,,,,,,,,,
2/15/1994,,,5.5,,,,,,,,,,,,,,,,,,,,,
2/15/1994,,,3.8,,,,,,,,,,,,,,,,,,,,,
2/15/1994,,,3.3,,,,,,,,,,,,,,,,,,,,,
2/15/1994,,,0.5,,,,,,,,,,,,,,,,,,,,,
2/15/1994,,,0,,,,,,,,,,,,,,,,,,,,,
2/15/1994,,,-0.6,,,,,,,,,,,,,,,,,,,,,
2/15/1994,,,-1.7,,,,,,,,,,,,,,,,,,,,,
2/15/1994,,,-2.8,,,,,,,,,,,,,,,,,,,,,
2/15/1994,,,-2.3,,,,,,,,,,,,,,,,,,,,,
2/16/1994,,,-3.4,,,,,,,,,,,,,,,,,,,,,
2/16/1994,,,-5,,,,,,,,,,,,,,,,,,,,,
2/16/1994,,,-6.2,,,,,,,,,,,,,,,,,,,,,
2/16/1994,,,-5.6,,,,,,,,,,,,,,,,,,,,,
2/16/1994,,,-6.2,,,,,,,,,,,,,,,,,,,,,
2/16/1994,,,-5.6,,,,,,,,,,,,,,,,,,,,,
2/16/1994,,,-6.7,,,,,,,,,,,,,,,,,,,,,
2/16/1994,,,-6.2,,,,,,,,,,,,,,,,,,,,,
2/16/1994,,,-3.9,,,,,,,,,,,,,,,,,,,,,
2/16/1994,,,0,,,,,,,,,,,,,,,,,,,,,
2/16/1994,,,3.3,,,,,,,,,,,,,,,,,,,,,
2/16/1994,,,4.4,,,,,,,,,,,,,,,,,,,,,
2/16/1994,,,5.5,,,,,,,,,,,,,,,,,,,,,
2/16/1994,,,7.7,,,,,,,,,,,,,,,,,,,,,
2/16/1994,,,8.3,,,,,,,,,,,,,,,,,,,,,
2/16/1994,,,8.8,,,,,,,,,,,,,,,,,,,,,
2/16/1994,,,8.3,,,,,,,,,,,,,,,,,,,,,
2/16/1994,,,7.1,,,,,,,,,,,,,,,,,,,,,
2/16/1994,,,5.5,,,,,,,,,,,,,,,,,,,,,
2/16/1994,,,3.8,,,,,,,,,,,,,,,,,,,,,
2/16/1994,,,2.7,,,,,,,,,,,,,,,,,,,,,
2/16/1994,,,2.4,,,,,,,,,,,,,,,,,,,,,
2/16/1994,,,2.2,,,,,,,,,,,,,,,,,,,,,
2/16/1994,,,1.6,,,,,,,,,,,,,,,,,,,,,
2/17/1994,,,1.6,,,,,,,,,,,,,,,,,,,,,
2/17/1994,,,1.1,,,,,,,,,,,,,,,,,,,,,
2/17/1994,,,2.7,,,,,,,,,,,,,,,,,,,,,
2/17/1994,,,2.7,,,,,,,,,,,,,,,,,,,,,
2/17/1994,,,2.7,,,,,,,,,,,,,,,,,,,,,
2/17/1994,,,2.7,,,,,,,,,,,,,,,,,,,,,
2/17/1994,,,3.3,,,,,,,,,,,,,,,,,,,,,
2/17/1994,,,3.3,,,,,,,,,,,,,,,,,,,,,
2/17/1994,,,3.8,,,,,,,,,,,,,,,,,,,,,
2/17/1994,,,5.5,,,,,,,,,,,,,,,,,,,,,
2/17/1994,,,7.7,,,,,,,,,,,,,,,,,,,,,
2/17/1994,,,5.5,,,,,,,,,,,,,,,,,,,,,
2/17/1994,,,10.5,,,,,,,,,,,,,,,,,,,,,
2/17/1994,,,11.1,,,,,,,,,,,,,,,,,,,,,
2/17/1994,,,12.7,,,,,,,,,,,,,,,,,,,,,
2/17/1994,,,12.2,,,,,,,,,,,,,,,,,,,,,
2/17/1994,,,12.7,,,,,,,,,,,,,,,,,,,,,
2/17/1994,,,11.1,,,,,,,,,,,,,,,,,,,,,
2/17/1994,,,9.4,,,,,,,,,,,,,,,,,,,,,
2/17/1994,,,5.5,,,,,,,,,,,,,,,,,,,,,
2/17/1994,,,7.2,,,,,,,,,,,,,,,,,,,,,
2/17/1994,,,3.8,,,,,,,,,,,,,,,,,,,,,
2/17/1994,,,5.5,,,,,,,,,,,,,,,,,,,,,
2/17/1994,,,5.5,,,,,,,,,,,,,,,,,,,,,
2/18/1994,,,5,,,,,,,,,,,,,,,,,,,,,
2/18/1994,,,4.4,,,,,,,,,,,,,,,,,,,,,
2/18/1994,,,4.4,,,,,,,,,,,,,,,,,,,,,
2/18/1994,,,3.8,,,,,,,,,,,,,,,,,,,,,
2/18/1994,,,2.7,,,,,,,,,,,,,,,,,,,,,
2/18/1994,,,2.7,,,,,,,,,,,,,,,,,,,,,
2/18/1994,,,1.1,,,,,,,,,,,,,,,,,,,,,
2/18/1994,,,1.6,,,,,,,,,,,,,,,,,,,,,
2/18/1994,,,6.1,,,,,,,,,,,,,,,,,,,,,
2/18/1994,,,8.8,,,,,,,,,,,,,,,,,,,,,
2/18/1994,,,11.1,,,,,,,,,,,,,,,,,,,,,
2/18/1994,,,12.7,,,,,,,,,,,,,,,,,,,,,
2/18/1994,,,15,,,,,,,,,,,,,,,,,,,,,
2/18/1994,,,16.6,,,,,,,,,,,,,,,,,,,,,
2/18/1994,,,16.6,,,,,,,,,,,,,,,,,,,,,
2/18/1994,,,16.1,,,,,,,,,,,,,,,,,,,,,
2/18/1994,,,15.5,,,,,,,,,,,,,,,,,,,,,
2/18/1994,,,13.8,,,,,,,,,,,,,,,,,,,,,
2/18/1994,,,13.3,,,,,,,,,,,,,,,,,,,,,
2/18/1994,,,12.2,,,,,,,,,,,,,,,,,,,,,
2/18/1994,,,11.6,,,,,,,,,,,,,,,,,,,,,
2/18/1994,,,10,,,,,,,,,,,,,,,,,,,,,
2/18/1994,,,10.5,,,,,,,,,,,,,,,,,,,,,
2/18/1994,,,10,,,,,,,,,,,,,,,,,,,,,
2/19/1994,,,10.5,,,,,,,,,,,,,,,,,,,,,
2/19/1994,,,10.5,,,,,,,,,,,,,,,,,,,,,
2/19/1994,,,10.5,,,,,,,,,,,,,,,,,,,,,
2/19/1994,,,11.1,,,,,,,,,,,,,,,,,,,,,
2/19/1994,,,10.5,,,,,,,,,,,,,,,,,,,,,
2/19/1994,,,11.1,,,,,,,,,,,,,,,,,,,,,
2/19/1994,,,12.7,,,,,,,,,,,,,,,,,,,,,
2/19/1994,,,12.7,,,,,,,,,,,,,,,,,,,,,
2/19/1994,,,13.8,,,,,,,,,,,,,,,,,,,,,
2/19/1994,,,13.8,,,,,,,,,,,,,,,,,,,,,
2/19/1994,,,15,,,,,,,,,,,,,,,,,,,,,
2/19/1994,,,16.6,,,,,,,,,,,,,,,,,,,,,
2/19/1994,,,17.2,,,,,,,,,,,,,,,,,,,,,
2/19/1994,,,17.7,,,,,,,,,,,,,,,,,,,,,
2/19/1994,,,18.8,,,,,,,,,,,,,,,,,,,,,
2/19/1994,,,18.3,,,,,,,,,,,,,,,,,,,,,
2/19/1994,,,17.7,,,,,,,,,,,,,,,,,,,,,
2/19/1994,,,17.2,,,,,,,,,,,,,,,,,,,,,
2/19/1994,,,16.6,,,,,,,,,,,,,,,,,,,,,
2/19/1994,,,16.1,,,,,,,,,,,,,,,,,,,,,
2/19/1994,,,15.5,,,,,,,,,,,,,,,,,,,,,
2/19/1994,,,14.4,,,,,,,,,,,,,,,,,,,,,
2/19/1994,,,14.4,,,,,,,,,,,,,,,,,,,,,
2/19/1994,,,14.7,,,,,,,,,,,,,,,,,,,,,
2/20/1994,,,15,,,,,,,,,,,,,,,,,,,,,
2/20/1994,,,15,,,,,,,,,,,,,,,,,,,,,
2/20/1994,,,16.1,,,,,,,,,,,,,,,,,,,,,
2/20/1994,,,16.1,,,,,,,,,,,,,,,,,,,,,
2/20/1994,,,13.8,,,,,,,,,,,,,,,,,,,,,
2/20/1994,,,14.4,,,,,,,,,,,,,,,,,,,,,
2/20/1994,,,13.8,,,,,,,,,,,,,,,,,,,,,
2/20/1994,,,13.3,,,,,,,,,,,,,,,,,,,,,
2/20/1994,,,13.3,,,,,,,,,,,,,,,,,,,,,
2/20/1994,,,13.3,,,,,,,,,,,,,,,,,,,,,
2/20/1994,,,13.3,,,,,,,,,,,,,,,,,,,,,
2/20/1994,,,14.4,,,,,,,,,,,,,,,,,,,,,
2/20/1994,,,14.4,,,,,,,,,,,,,,,,,,,,,
2/20/1994,,,12.2,,,,,,,,,,,,,,,,,,,,,
2/20/1994,,,12.2,,,,,,,,,,,,,,,,,,,,,
2/20/1994,,,11.1,,,,,,,,,,,,,,,,,,,,,
2/20/1994,,,10,,,,,,,,,,,,,,,,,,,,,
2/20/1994,,,7.7,,,,,,,,,,,,,,,,,,,,,
2/20/1994,,,7.2,,,,,,,,,,,,,,,,,,,,,
2/20/1994,,,6.6,,,,,,,,,,,,,,,,,,,,,
2/20/1994,,,5.5,,,,,,,,,,,,,,,,,,,,,
2/20/1994,,,5,,,,,,,,,,,,,,,,,,,,,
2/20/1994,,,4.4,,,,,,,,,,,,,,,,,,,,,
2/20/1994,,,4.4,,,,,,,,,,,,,,,,,,,,,
2/21/1994,,,3.8,,,,,,,,,,,,,,,,,,,,,
2/21/1994,,,3.8,,,,,,,,,,,,,,,,,,,,,
2/21/1994,,,3.3,,,,,,,,,,,,,,,,,,,,,
2/21/1994,,,2.7,,,,,,,,,,,,,,,,,,,,,
2/21/1994,,,2.7,,,,,,,,,,,,,,,,,,,,,
2/21/1994,,,2.2,,,,,,,,,,,,,,,,,,,,,
2/21/1994,,,2.2,,,,,,,,,,,,,,,,,,,,,
2/21/1994,,,1.6,,,,,,,,,,,,,,,,,,,,,
2/21/1994,,,1.6,,,,,,,,,,,,,,,,,,,,,
2/21/1994,,,1.6,,,,,,,,,,,,,,,,,,,,,
2/21/1994,,,2.2,,,,,,,,,,,,,,,,,,,,,
2/21/1994,,,3.3,,,,,,,,,,,,,,,,,,,,,
2/21/1994,,,2.7,,,,,,,,,,,,,,,,,,,,,
2/21/1994,,,3.8,,,,,,,,,,,,,,,,,,,,,
2/21/1994,,,3.8,,,,,,,,,,,,,,,,,,,,,
2/21/1994,,,3.3,,,,,,,,,,,,,,,,,,,,,
2/21/1994,,,2.7,,,,,,,,,,,,,,,,,,,,,
2/21/1994,,,2.7,,,,,,,,,,,,,,,,,,,,,
2/21/1994,,,2.2,,,,,,,,,,,,,,,,,,,,,
2/21/1994,,,1.6,,,,,,,,,,,,,,,,,,,,,
2/21/1994,,,1.1,,,,,,,,,,,,,,,,,,,,,
2/21/1994,,,0,,,,,,,,,,,,,,,,,,,,,
2/21/1994,,,-1.2,,,,,,,,,,,,,,,,,,,,,
2/21/1994,,,-1.2,,,,,,,,,,,,,,,,,,,,,
2/22/1994,,,-1.5,,,,,,,,,,,,,,,,,,,,,
2/22/1994,,,-1.7,,,,,,,,,,,,,,,,,,,,,
2/22/1994,,,-2.3,,,,,,,,,,,,,,,,,,,,,
2/22/1994,,,-2.3,,,,,,,,,,,,,,,,,,,,,
2/22/1994,,,-2.3,,,,,,,,,,,,,,,,,,,,,
2/22/1994,,,-2.3,,,,,,,,,,,,,,,,,,,,,
2/22/1994,,,-1.7,,,,,,,,,,,,,,,,,,,,,
2/22/1994,,,-1.7,,,,,,,,,,,,,,,,,,,,,
2/22/1994,,,-1.2,,,,,,,,,,,,,,,,,,,,,
2/22/1994,,,-0.6,,,,,,,,,,,,,,,,,,,,,
2/22/1994,,,-0.6,,,,,,,,,,,,,,,,,,,,,
2/22/1994,,,0,,,,,,,,,,,,,,,,,,,,,
2/22/1994,,,0.5,,,,,,,,,,,,,,,,,,,,,
2/22/1994,,,0,,,,,,,,,,,,,,,,,,,,,
2/22/1994,,,0,,,,,,,,,,,,,,,,,,,,,
2/22/1994,,,-1.2,,,,,,,,,,,,,,,,,,,,,
2/22/1994,,,-1.7,,,,,,,,,,,,,,,,,,,,,
2/22/1994,,,-2.3,,,,,,,,,,,,,,,,,,,,,
2/22/1994,,,-2.3,,,,,,,,,,,,,,,,,,,,,
2/22/1994,,,-2.8,,,,,,,,,,,,,,,,,,,,,
2/22/1994,,,-3.4,,,,,,,,,,,,,,,,,,,,,
2/22/1994,,,-3.4,,,,,,,,,,,,,,,,,,,,,
2/22/1994,,,-3.4,,,,,,,,,,,,,,,,,,,,,
2/22/1994,,,-3.4,,,,,,,,,,,,,,,,,,,,,
2/23/1994,,,-2.8,,,,,,,,,,,,,,,,,,,,,
2/23/1994,,,-2.8,,,,,,,,,,,,,,,,,,,,,
2/23/1994,,,-2.8,,,,,,,,,,,,,,,,,,,,,
2/23/1994,,,-2.3,,,,,,,,,,,,,,,,,,,,,
2/23/1994,,,-2.3,,,,,,,,,,,,,,,,,,,,,
2/23/1994,,,-1.7,,,,,,,,,,,,,,,,,,,,,
2/23/1994,,,-1.7,,,,,,,,,,,,,,,,,,,,,
2/23/1994,,,-1.2,,,,,,,,,,,,,,,,,,,,,
2/23/1994,,,-1.1,,,,,,,,,,,,,,,,,,,,,
2/23/1994,,,-0.6,,,,,,,,,,,,,,,,,,,,,
2/23/1994,,,0,,,,,,,,,,,,,,,,,,,,,
2/23/1994,,,0.5,,,,,,,,,,,,,,,,,,,,,
2/23/1994,,,0.5,,,,,,,,,,,,,,,,,,,,,
2/23/1994,,,0.5,,,,,,,,,,,,,,,,,,,,,
2/23/1994,,,0.4,,,,,,,,,,,,,,,,,,,,,
2/23/1994,,,0,,,,,,,,,,,,,,,,,,,,,
2/23/1994,,,-0.6,,,,,,,,,,,,,,,,,,,,,
2/23/1994,,,-1.2,,,,,,,,,,,,,,,,,,,,,
2/23/1994,,,-1.7,,,,,,,,,,,,,,,,,,,,,
2/23/1994,,,-2.3,,,,,,,,,,,,,,,,,,,,,
2/23/1994,,,-2.8,,,,,,,,,,,,,,,,,,,,,
2/23/1994,,,-3.4,,,,,,,,,,,,,,,,,,,,,
2/23/1994,,,-3.9,,,,,,,,,,,,,,,,,,,,,
2/23/1994,,,-3.9,,,,,,,,,,,,,,,,,,,,,
2/24/1994,,,-4.5,,,,,,,,,,,,,,,,,,,,,
2/24/1994,,,-5,,,,,,,,,,,,,,,,,,,,,
2/24/1994,,,-6.2,,,,,,,,,,,,,,,,,,,,,
2/24/1994,,,-6.7,,,,,,,,,,,,,,,,,,,,,
2/24/1994,,,-7.4,,,,,,,,,,,,,,,,,,,,,
2/24/1994,,,-7.8,,,,,,,,,,,,,,,,,,,,,
2/24/1994,,,-8.9,,,,,,,,,,,,,,,,,,,,,
2/24/1994,,,-8.9,,,,,,,,,,,,,,,,,,,,,
2/24/1994,,,-8.9,,,,,,,,,,,,,,,,,,,,,
2/24/1994,,,-8.4,,,,,,,,,,,,,,,,,,,,,
2/24/1994,,,-7.3,,,,,,,,,,,,,,,,,,,,,
2/24/1994,,,-6.2,,,,,,,,,,,,,,,,,,,,,
2/24/1994,,,-5.6,,,,,,,,,,,,,,,,,,,,,
2/24/1994,,,-5.6,,,,,,,,,,,,,,,,,,,,,
2/24/1994,,,-4.5,,,,,,,,,,,,,,,,,,,,,
2/24/1994,,,-4.5,,,,,,,,,,,,,,,,,,,,,
2/24/1994,,,-5,,,,,,,,,,,,,,,,,,,,,
2/24/1994,,,-5.6,,,,,,,,,,,,,,,,,,,,,
2/24/1994,,,-6.2,,,,,,,,,,,,,,,,,,,,,
2/24/1994,,,-6.2,,,,,,,,,,,,,,,,,,,,,
2/24/1994,,,-6.2,,,,,,,,,,,,,,,,,,,,,
2/24/1994,,,-5.6,,,,,,,,,,,,,,,,,,,,,
2/24/1994,,,-5.6,,,,,,,,,,,,,,,,,,,,,
2/24/1994,,,-6.2,,,,,,,,,,,,,,,,,,,,,
2/25/1994,,,-6.2,,,,,,,,,,,,,,,,,,,,,
2/25/1994,,,-6,,,,,,,,,,,,,,,,,,,,,
2/25/1994,,,-5.6,,,,,,,,,,,,,,,,,,,,,
2/25/1994,,,-5.6,,,,,,,,,,,,,,,,,,,,,
2/25/1994,,,-5,,,,,,,,,,,,,,,,,,,,,
2/25/1994,,,-4.5,,,,,,,,,,,,,,,,,,,,,
2/25/1994,,,-3.9,,,,,,,,,,,,,,,,,,,,,
2/25/1994,,,-3.4,,,,,,,,,,,,,,,,,,,,,
2/25/1994,,,-2.8,,,,,,,,,,,,,,,,,,,,,
2/25/1994,,,-2.3,,,,,,,,,,,,,,,,,,,,,
2/25/1994,,,-0.6,,,,,,,,,,,,,,,,,,,,,
2/25/1994,,,0,,,,,,,,,,,,,,,,,,,,,
2/25/1994,,,-1.2,,,,,,,,,,,,,,,,,,,,,
2/25/1994,,,0,,,,,,,,,,,,,,,,,,,,,
2/25/1994,,,-2.3,,,,,,,,,,,,,,,,,,,,,
2/25/1994,,,-3.9,,,,,,,,,,,,,,,,,,,,,
2/25/1994,,,-8.4,,,,,,,,,,,,,,,,,,,,,
2/25/1994,,,-10.6,,,,,,,,,,,,,,,,,,,,,
2/25/1994,,,-11.2,,,,,,,,,,,,,,,,,,,,,
2/25/1994,,,-11.7,,,,,,,,,,,,,,,,,,,,,
2/25/1994,,,-11.7,,,,,,,,,,,,,,,,,,,,,
2/25/1994,,,-11.7,,,,,,,,,,,,,,,,,,,,,
2/25/1994,,,-11.2,,,,,,,,,,,,,,,,,,,,,
2/25/1994,,,-10.6,,,,,,,,,,,,,,,,,,,,,
2/26/1994,,,-10.6,,,,,,,,,,,,,,,,,,,,,
2/26/1994,,,-10.6,,,,,,,,,,,,,,,,,,,,,
2/26/1994,,,-10.6,,,,,,,,,,,,,,,,,,,,,
2/26/1994,,,-10,,,,,,,,,,,,,,,,,,,,,
2/26/1994,,,-11.2,,,,,,,,,,,,,,,,,,,,,
2/26/1994,,,-12.3,,,,,,,,,,,,,,,,,,,,,
2/26/1994,,,-13.4,,,,,,,,,,,,,,,,,,,,,
2/26/1994,,,-13.4,,,,,,,,,,,,,,,,,,,,,
2/26/1994,,,-11.2,,,,,,,,,,,,,,,,,,,,,
2/26/1994,,,-7.3,,,,,,,,,,,,,,,,,,,,,
2/26/1994,,,-3.9,,,,,,,,,,,,,,,,,,,,,
2/26/1994,,,-5,,,,,,,,,,,,,,,,,,,,,
2/26/1994,,,-3.9,,,,,,,,,,,,,,,,,,,,,
2/26/1994,,,-2.8,,,,,,,,,,,,,,,,,,,,,
2/26/1994,,,-3,,,,,,,,,,,,,,,,,,,,,
2/26/1994,,,-3.5,,,,,,,,,,,,,,,,,,,,,
2/26/1994,,,-4.5,,,,,,,,,,,,,,,,,,,,,
2/26/1994,,,-5,,,,,,,,,,,,,,,,,,,,,
2/26/1994,,,-7.3,,,,,,,,,,,,,,,,,,,,,
2/26/1994,,,-8.9,,,,,,,,,,,,,,,,,,,,,
2/26/1994,,,-10,,,,,,,,,,,,,,,,,,,,,
2/26/1994,,,-10.6,,,,,,,,,,,,,,,,,,,,,
2/26/1994,,,-11.7,,,,,,,,,,,,,,,,,,,,,
2/26/1994,,,-13.9,,,,,,,,,,,,,,,,,,,,,
2/27/1994,,,-12.8,,,,,,,,,,,,,,,,,,,,,
2/27/1994,,,-14.5,,,,,,,,,,,,,,,,,,,,,
2/27/1994,,,-13.9,,,,,,,,,,,,,,,,,,,,,
2/27/1994,,,-15,,,,,,,,,,,,,,,,,,,,,
2/27/1994,,,-16.2,,,,,,,,,,,,,,,,,,,,,
2/27/1994,,,-16.7,,,,,,,,,,,,,,,,,,,,,
2/27/1994,,,-16.7,,,,,,,,,,,,,,,,,,,,,
2/27/1994,,,-13.9,,,,,,,,,,,,,,,,,,,,,
2/27/1994,,,-12.3,,,,,,,,,,,,,,,,,,,,,
2/27/1994,,,-7.3,,,,,,,,,,,,,,,,,,,,,
2/27/1994,,,-4.5,,,,,,,,,,,,,,,,,,,,,
2/27/1994,,,-1.7,,,,,,,,,,,,,,,,,,,,,
2/27/1994,,,-3.4,,,,,,,,,,,,,,,,,,,,,
2/27/1994,,,-1.2,,,,,,,,,,,,,,,,,,,,,
2/27/1994,,,-2.8,,,,,,,,,,,,,,,,,,,,,
2/27/1994,,,-2.8,,,,,,,,,,,,,,,,,,,,,
2/27/1994,,,-3.4,,,,,,,,,,,,,,,,,,,,,
2/27/1994,,,-3.9,,,,,,,,,,,,,,,,,,,,,
2/27/1994,,,-4.8,,,,,,,,,,,,,,,,,,,,,
2/27/1994,,,-5.6,,,,,,,,,,,,,,,,,,,,,
2/27/1994,,,-5.6,,,,,,,,,,,,,,,,,,,,,
2/27/1994,,,-5.6,,,,,,,,,,,,,,,,,,,,,
2/27/1994,,,-6.2,,,,,,,,,,,,,,,,,,,,,
2/27/1994,,,-6.2,,,,,,,,,,,,,,,,,,,,,
2/28/1994,,,-6.2,,,,,,,,,,,,,,,,,,,,,
2/28/1994,,,-6.2,,,,,,,,,,,,,,,,,,,,,
2/28/1994,,,-5.6,,,,,,,,,,,,,,,,,,,,,
2/28/1994,,,-5,,,,,,,,,,,,,,,,,,,,,
2/28/1994,,,-4.5,,,,,,,,,,,,,,,,,,,,,
2/28/1994,,,-4.5,,,,,,,,,,,,,,,,,,,,,
2/28/1994,,,-4.5,,,,,,,,,,,,,,,,,,,,,
2/28/1994,,,-4.5,,,,,,,,,,,,,,,,,,,,,
2/28/1994,,,-3.9,,,,,,,,,,,,,,,,,,,,,
2/28/1994,,,-2.8,,,,,,,,,,,,,,,,,,,,,
2/28/1994,,,-2.3,,,,,,,,,,,,,,,,,,,,,
2/28/1994,,,-1.2,,,,,,,,,,,,,,,,,,,,,
2/28/1994,,,0.5,,,,,,,,,,,,,,,,,,,,,
2/28/1994,,,1.6,,,,,,,,,,,,,,,,,,,,,
2/28/1994,,,1.6,,,,,,,,,,,,,,,,,,,,,
2/28/1994,,,1.1,,,,,,,,,,,,,,,,,,,,,
2/28/1994,,,0.5,,,,,,,,,,,,,,,,,,,,,
2/28/1994,,,0.5,,,,,,,,,,,,,,,,,,,,,
2/28/1994,,,0.5,,,,,,,,,,,,,,,,,,,,,
2/28/1994,,,0,,,,,,,,,,,,,,,,,,,,,
2/28/1994,,,-0.6,,,,,,,,,,,,,,,,,,,,,
2/28/1994,,,0.8,,,,,,,,,,,,,,,,,,,,,
2/28/1994,,,2.1,,,,,,,,,,,,,,,,,,,,,
2/28/1994,,,3.5,,,,,,,,,,,,,,,,,,,,,
3/1/2004,,,4.9,,,,,,,,,,,,,,,,,,,,,
3/1/2004,,,6.3,,,,,,,,,,,,,,,,,,,,,
3/1/2004,,,7.6,,,,,,,,,,,,,,,,,,,,,
3/1/2004,,,9,,,,,,,,,,,,,,,,,,,,,
3/1/2004,,,8,,,,,,,,,,,,,,,,,,,,,
3/1/2004,,,8,,,,,,,,,,,,,,,,,,,,,
3/1/2004,,,8,,,,,,,,,,,,,,,,,,,,,
3/1/2004,,,8,,,,,,,,,,,,,,,,,,,,,
3/1/2004,,,8,,,,,,,,,,,,,,,,,,,,,
3/1/2004,,,9,,,,,,,,,,,,,,,,,,,,,
3/1/2004,,,11,,,,,,,,,,,,,,,,,,,,,
3/1/2004,,,12,,,,,,,,,,,,,,,,,,,,,
3/1/2004,,,15,,,,,,,,,,,,,,,,,,,,,
3/1/2004,,,16,,,,,,,,,,,,,,,,,,,,,
3/1/2004,,,17,,,,,,,,,,,,,,,,,,,,,
3/1/2004,,,17,,,,,,,,,,,,,,,,,,,,,
3/1/2004,,,17,,,,,,,,,,,,,,,,,,,,,
3/1/2004,,,16,,,,,,,,,,,,,,,,,,,,,
3/1/2004,,,14,,,,,,,,,,,,,,,,,,,,,
3/1/2004,,,14,,,,,,,,,,,,,,,,,,,,,
3/1/2004,,,13,,,,,,,,,,,,,,,,,,,,,
3/1/2004,,,14,,,,,,,,,,,,,,,,,,,,,
3/1/2004,,,13,,,,,,,,,,,,,,,,,,,,,
3/1/2004,,,11,,,,,,,,,,,,,,,,,,,,,
3/2/2004,,,10,,,,,,,,,,,,,,,,,,,,,
3/2/2004,,,9,,,,,,,,,,,,,,,,,,,,,
3/2/2004,,,8,,,,,,,,,,,,,,,,,,,,,
3/2/2004,,,8,,,,,,,,,,,,,,,,,,,,,
3/2/2004,,,8,,,,,,,,,,,,,,,,,,,,,
3/2/2004,,,8,,,,,,,,,,,,,,,,,,,,,
3/2/2004,,,8,,,,,,,,,,,,,,,,,,,,,
3/2/2004,,,7,,,,,,,,,,,,,,,,,,,,,
3/2/2004,,,8,,,,,,,,,,,,,,,,,,,,,
3/2/2004,,,8,,,,,,,,,,,,,,,,,,,,,
3/2/2004,,,9,,,,,,,,,,,,,,,,,,,,,
3/2/2004,,,9,,,,,,,,,,,,,,,,,,,,,
3/2/2004,,,11,,,,,,,,,,,,,,,,,,,,,
3/2/2004,,,11,,,,,,,,,,,,,,,,,,,,,
3/2/2004,,,11,,,,,,,,,,,,,,,,,,,,,
3/2/2004,,,11,,,,,,,,,,,,,,,,,,,,,
3/2/2004,,,12,,,,,,,,,,,,,,,,,,,,,
3/2/2004,,,12,,,,,,,,,,,,,,,,,,,,,
3/2/2004,,,11,,,,,,,,,,,,,,,,,,,,,
3/2/2004,,,10,,,,,,,,,,,,,,,,,,,,,
3/2/2004,,,9,,,,,,,,,,,,,,,,,,,,,
3/2/2004,,,7,,,,,,,,,,,,,,,,,,,,,
3/2/2004,,,6,,,,,,,,,,,,,,,,,,,,,
3/2/2004,,,4,,,,,,,,,,,,,,,,,,,,,
3/3/2004,,,6,,,,,,,,,,,,,,,,,,,,,
3/3/2004,,,4,,,,,,,,,,,,,,,,,,,,,
3/3/2004,,,4,,,,,,,,,,,,,,,,,,,,,
3/3/2004,,,4,,,,,,,,,,,,,,,,,,,,,
3/3/2004,,,3,,,,,,,,,,,,,,,,,,,,,
3/3/2004,,,3,,,,,,,,,,,,,,,,,,,,,
3/3/2004,,,3,,,,,,,,,,,,,,,,,,,,,
3/3/2004,,,3,,,,,,,,,,,,,,,,,,,,,
3/3/2004,,,4,,,,,,,,,,,,,,,,,,,,,
3/3/2004,,,5,,,,,,,,,,,,,,,,,,,,,
3/3/2004,,,6,,,,,,,,,,,,,,,,,,,,,
3/3/2004,,,7,,,,,,,,,,,,,,,,,,,,,
3/3/2004,,,7,,,,,,,,,,,,,,,,,,,,,
3/3/2004,,,9,,,,,,,,,,,,,,,,,,,,,
3/3/2004,,,9,,,,,,,,,,,,,,,,,,,,,
3/3/2004,,,11,,,,,,,,,,,,,,,,,,,,,
3/3/2004,,,11,,,,,,,,,,,,,,,,,,,,,
3/3/2004,,,10,,,,,,,,,,,,,,,,,,,,,
3/3/2004,,,8,,,,,,,,,,,,,,,,,,,,,
3/3/2004,,,9,,,,,,,,,,,,,,,,,,,,,
3/3/2004,,,9,,,,,,,,,,,,,,,,,,,,,
3/3/2004,,,8,,,,,,,,,,,,,,,,,,,,,
3/3/2004,,,8,,,,,,,,,,,,,,,,,,,,,
3/3/2004,,,8,,,,,,,,,,,,,,,,,,,,,
3/4/2004,,,8,,,,,,,,,,,,,,,,,,,,,
3/4/2004,,,8,,,,,,,,,,,,,,,,,,,,,
3/4/2004,,,7,,,,,,,,,,,,,,,,,,,,,
3/4/2004,,,7,,,,,,,,,,,,,,,,,,,,,
3/4/2004,,,7,,,,,,,,,,,,,,,,,,,,,
3/4/2004,,,7,,,,,,,,,,,,,,,,,,,,,
3/4/2004,,,7,,,,,,,,,,,,,,,,,,,,,
3/4/2004,,,8,,,,,,,,,,,,,,,,,,,,,
3/4/2004,,,8,,,,,,,,,,,,,,,,,,,,,
3/4/2004,,,9,,,,,,,,,,,,,,,,,,,,,
3/4/2004,,,9,,,,,,,,,,,,,,,,,,,,,
3/4/2004,,,10,,,,,,,,,,,,,,,,,,,,,
3/4/2004,,,10,,,,,,,,,,,,,,,,,,,,,
3/4/2004,,,9,,,,,,,,,,,,,,,,,,,,,
3/4/2004,,,9,,,,,,,,,,,,,,,,,,,,,
3/4/2004,,,9,,,,,,,,,,,,,,,,,,,,,
3/4/2004,,,9,,,,,,,,,,,,,,,,,,,,,
3/4/2004,,,9,,,,,,,,,,,,,,,,,,,,,
3/4/2004,,,10,,,,,,,,,,,,,,,,,,,,,
3/4/2004,,,10,,,,,,,,,,,,,,,,,,,,,
3/4/2004,,,11,,,,,,,,,,,,,,,,,,,,,
3/4/2004,,,12,,,,,,,,,,,,,,,,,,,,,
3/4/2004,,,13,,,,,,,,,,,,,,,,,,,,,
3/4/2004,,,16,,,,,,,,,,,,,,,,,,,,,
3/5/2004,,,16,,,,,,,,,,,,,,,,,,,,,
3/5/2004,,,16,,,,,,,,,,,,,,,,,,,,,
3/5/2004,,,16,,,,,,,,,,,,,,,,,,,,,
3/5/2004,,,18,,,,,,,,,,,,,,,,,,,,,
3/5/2004,,,19,,,,,,,,,,,,,,,,,,,,,
3/5/2004,,,19,,,,,,,,,,,,,,,,,,,,,
3/5/2004,,,17,,,,,,,,,,,,,,,,,,,,,
3/5/2004,,,17,,,,,,,,,,,,,,,,,,,,,
3/5/2004,,,17,,,,,,,,,,,,,,,,,,,,,
3/5/2004,,,17,,,,,,,,,,,,,,,,,,,,,
3/5/2004,,,18,,,,,,,,,,,,,,,,,,,,,
3/5/2004,,,18,,,,,,,,,,,,,,,,,,,,,
3/5/2004,,,18,,,,,,,,,,,,,,,,,,,,,
3/5/2004,,,19,,,,,,,,,,,,,,,,,,,,,
3/5/2004,,,18,,,,,,,,,,,,,,,,,,,,,
3/5/2004,,,18,,,,,,,,,,,,,,,,,,,,,
3/5/2004,,,16,,,,,,,,,,,,,,,,,,,,,
3/5/2004,,,12,,,,,,,,,,,,,,,,,,,,,
3/5/2004,,,10,,,,,,,,,,,,,,,,,,,,,
3/5/2004,,,8,,,,,,,,,,,,,,,,,,,,,
3/5/2004,,,7,,,,,,,,,,,,,,,,,,,,,
3/5/2004,,,6,,,,,,,,,,,,,,,,,,,,,
3/5/2004,,,6,,,,,,,,,,,,,,,,,,,,,
3/5/2004,,,6,,,,,,,,,,,,,,,,,,,,,
3/6/2004,,,6,,,,,,,,,,,,,,,,,,,,,
3/6/2004,,,6,,,,,,,,,,,,,,,,,,,,,
3/6/2004,,,5,,,,,,,,,,,,,,,,,,,,,
3/6/2004,,,5,,,,,,,,,,,,,,,,,,,,,
3/6/2004,,,4,,,,,,,,,,,,,,,,,,,,,
3/6/2004,,,4,,,,,,,,,,,,,,,,,,,,,
3/6/2004,,,4,,,,,,,,,,,,,,,,,,,,,
3/6/2004,,,4,,,,,,,,,,,,,,,,,,,,,
3/6/2004,,,4,,,,,,,,,,,,,,,,,,,,,
3/6/2004,,,5,,,,,,,,,,,,,,,,,,,,,
3/6/2004,,,6,,,,,,,,,,,,,,,,,,,,,
3/6/2004,,,7,,,,,,,,,,,,,,,,,,,,,
3/6/2004,,,7,,,,,,,,,,,,,,,,,,,,,
3/6/2004,,,7,,,,,,,,,,,,,,,,,,,,,
3/6/2004,,,8,,,,,,,,,,,,,,,,,,,,,
3/6/2004,,,8,,,,,,,,,,,,,,,,,,,,,
3/6/2004,,,8,,,,,,,,,,,,,,,,,,,,,
3/6/2004,,,8,,,,,,,,,,,,,,,,,,,,,
3/6/2004,,,7,,,,,,,,,,,,,,,,,,,,,
3/6/2004,,,6,,,,,,,,,,,,,,,,,,,,,
3/6/2004,,,5,,,,,,,,,,,,,,,,,,,,,
3/6/2004,,,4,,,,,,,,,,,,,,,,,,,,,
3/6/2004,,,4,,,,,,,,,,,,,,,,,,,,,
3/6/2004,,,4,,,,,,,,,,,,,,,,,,,,,
3/7/2004,,,3,,,,,,,,,,,,,,,,,,,,,
3/7/2004,,,3,,,,,,,,,,,,,,,,,,,,,
3/7/2004,,,6,,,,,,,,,,,,,,,,,,,,,
3/7/2004,,,7,,,,,,,,,,,,,,,,,,,,,
3/7/2004,,,8,,,,,,,,,,,,,,,,,,,,,
3/7/2004,,,8,,,,,,,,,,,,,,,,,,,,,
3/7/2004,,,7,,,,,,,,,,,,,,,,,,,,,
3/7/2004,,,6,,,,,,,,,,,,,,,,,,,,,
3/7/2004,,,7,,,,,,,,,,,,,,,,,,,,,
3/7/2004,,,7,,,,,,,,,,,,,,,,,,,,,
3/7/2004,,,8,,,,,,,,,,,,,,,,,,,,,
3/7/2004,,,8,,,,,,,,,,,,,,,,,,,,,
3/7/2004,,,8,,,,,,,,,,,,,,,,,,,,,
3/7/2004,,,8.1,,,,,,,,,,,,,,,,,,,,,
3/7/2004,,,8,,,,,,,,,,,,,,,,,,,,,
3/7/2004,,,9,,,,,,,,,,,,,,,,,,,,,
3/7/2004,,,7,,,,,,,,,,,,,,,,,,,,,
3/7/2004,,,6,,,,,,,,,,,,,,,,,,,,,
3/7/2004,,,4,,,,,,,,,,,,,,,,,,,,,
3/7/2004,,,3,,,,,,,,,,,,,,,,,,,,,
3/7/2004,,,3,,,,,,,,,,,,,,,,,,,,,
3/7/2004,,,3,,,,,,,,,,,,,,,,,,,,,
3/7/2004,,,3,,,,,,,,,,,,,,,,,,,,,
3/7/2004,,,2,,,,,,,,,,,,,,,,,,,,,
3/8/2004,,,2,,,,,,,,,,,,,,,,,,,,,
3/8/2004,,,1,,,,,,,,,,,,,,,,,,,,,
3/8/2004,,,1,,,,,,,,,,,,,,,,,,,,,
3/8/2004,,,0,,,,,,,,,,,,,,,,,,,,,
3/8/2004,,,-1,,,,,,,,,,,,,,,,,,,,,
3/8/2004,,,-1,,,,,,,,,,,,,,,,,,,,,
3/8/2004,,,-1,,,,,,,,,,,,,,,,,,,,,
3/8/2004,,,-1,,,,,,,,,,,,,,,,,,,,,
3/8/2004,,,1,,,,,,,,,,,,,,,,,,,,,
3/8/2004,,,2,,,,,,,,,,,,,,,,,,,,,
3/8/2004,,,2,,,,,,,,,,,,,,,,,,,,,
3/8/2004,,,3,,,,,,,,,,,,,,,,,,,,,
3/8/2004,,,4,,,,,,,,,,,,,,,,,,,,,
3/8/2004,,,5,,,,,,,,,,,,,,,,,,,,,
3/8/2004,,,6,,,,,,,,,,,,,,,,,,,,,
3/8/2004,,,6,,,,,,,,,,,,,,,,,,,,,
3/8/2004,,,6,,,,,,,,,,,,,,,,,,,,,
3/8/2004,,,6,,,,,,,,,,,,,,,,,,,,,
3/8/2004,,,5,,,,,,,,,,,,,,,,,,,,,
3/8/2004,,,5,,,,,,,,,,,,,,,,,,,,,
3/8/2004,,,4,,,,,,,,,,,,,,,,,,,,,
3/8/2004,,,3,,,,,,,,,,,,,,,,,,,,,
3/8/2004,,,2,,,,,,,,,,,,,,,,,,,,,
3/8/2004,,,3,,,,,,,,,,,,,,,,,,,,,
3/9/2004,,,2,,,,,,,,,,,,,,,,,,,,,
3/9/2004,,,2,,,,,,,,,,,,,,,,,,,,,
3/9/2004,,,2,,,,,,,,,,,,,,,,,,,,,
3/9/2004,,,1,,,,,,,,,,,,,,,,,,,,,
3/9/2004,,,0,,,,,,,,,,,,,,,,,,,,,
3/9/2004,,,0,,,,,,,,,,,,,,,,,,,,,
3/9/2004,,,-1,,,,,,,,,,,,,,,,,,,,,
3/9/2004,,,-1,,,,,,,,,,,,,,,,,,,,,
3/9/2004,,,1,,,,,,,,,,,,,,,,,,,,,
3/9/2004,,,1,,,,,,,,,,,,,,,,,,,,,
3/9/2004,,,2,,,,,,,,,,,,,,,,,,,,,
3/9/2004,,,3,,,,,,,,,,,,,,,,,,,,,
3/9/2004,,,4,,,,,,,,,,,,,,,,,,,,,
3/9/2004,,,4,,,,,,,,,,,,,,,,,,,,,
3/9/2004,,,4,,,,,,,,,,,,,,,,,,,,,
3/9/2004,,,4,,,,,,,,,,,,,,,,,,,,,
3/9/2004,,,4,,,,,,,,,,,,,,,,,,,,,
3/9/2004,,,3,,,,,,,,,,,,,,,,,,,,,
3/9/2004,,,3,,,,,,,,,,,,,,,,,,,,,
3/9/2004,,,1,,,,,,,,,,,,,,,,,,,,,
3/9/2004,,,1,,,,,,,,,,,,,,,,,,,,,
3/9/2004,,,-1,,,,,,,,,,,,,,,,,,,,,
3/9/2004,,,-2,,,,,,,,,,,,,,,,,,,,,
3/9/2004,,,-3,,,,,,,,,,,,,,,,,,,,,
3/10/2004,,,-4,,,,,,,,,,,,,,,,,,,,,
3/10/2004,,,-3,,,,,,,,,,,,,,,,,,,,,
3/10/2004,,,-4,,,,,,,,,,,,,,,,,,,,,
3/10/2004,,,-5,,,,,,,,,,,,,,,,,,,,,
3/10/2004,,,-4,,,,,,,,,,,,,,,,,,,,,
3/10/2004,,,-5,,,,,,,,,,,,,,,,,,,,,
3/10/2004,,,-6,,,,,,,,,,,,,,,,,,,,,
3/10/2004,,,-4,,,,,,,,,,,,,,,,,,,,,
3/10/2004,,,-1,,,,,,,,,,,,,,,,,,,,,
3/10/2004,,,3,,,,,,,,,,,,,,,,,,,,,
3/10/2004,,,5,,,,,,,,,,,,,,,,,,,,,
3/10/2004,,,6,,,,,,,,,,,,,,,,,,,,,
3/10/2004,,,7,,,,,,,,,,,,,,,,,,,,,
3/10/2004,,,8,,,,,,,,,,,,,,,,,,,,,
3/10/2004,,,9,,,,,,,,,,,,,,,,,,,,,
3/10/2004,,,9,,,,,,,,,,,,,,,,,,,,,
3/10/2004,,,9,,,,,,,,,,,,,,,,,,,,,
3/10/2004,,,9,,,,,,,,,,,,,,,,,,,,,
3/10/2004,,,7,,,,,,,,,,,,,,,,,,,,,
3/10/2004,,,6,,,,,,,,,,,,,,,,,,,,,
3/10/2004,,,5,,,,,,,,,,,,,,,,,,,,,
3/10/2004,,,4,,,,,,,,,,,,,,,,,,,,,
3/10/2004,,,5,,,,,,,,,,,,,,,,,,,,,
3/10/2004,,,4,,,,,,,,,,,,,,,,,,,,,
3/11/2004,,,6,,,,,,,,,,,,,,,,,,,,,
3/11/2004,,,7,,,,,,,,,,,,,,,,,,,,,
3/11/2004,,,7,,,,,,,,,,,,,,,,,,,,,
3/11/2004,,,7,,,,,,,,,,,,,,,,,,,,,
3/11/2004,,,7,,,,,,,,,,,,,,,,,,,,,
3/11/2004,,,7,,,,,,,,,,,,,,,,,,,,,
3/11/2004,,,4,,,,,,,,,,,,,,,,,,,,,
3/11/2004,,,3,,,,,,,,,,,,,,,,,,,,,
3/11/2004,,,5,,,,,,,,,,,,,,,,,,,,,
3/11/2004,,,7,,,,,,,,,,,,,,,,,,,,,
3/11/2004,,,8,,,,,,,,,,,,,,,,,,,,,
3/11/2004,,,8,,,,,,,,,,,,,,,,,,,,,
3/11/2004,,,8,,,,,,,,,,,,,,,,,,,,,
3/11/2004,,,7,,,,,,,,,,,,,,,,,,,,,
3/11/2004,,,6,,,,,,,,,,,,,,,,,,,,,
3/11/2004,,,2,,,,,,,,,,,,,,,,,,,,,
3/11/2004,,,2,,,,,,,,,,,,,,,,,,,,,
3/11/2004,,,-1,,,,,,,,,,,,,,,,,,,,,
3/11/2004,,,-3,,,,,,,,,,,,,,,,,,,,,
3/11/2004,,,-5,,,,,,,,,,,,,,,,,,,,,
3/11/2004,,,-6,,,,,,,,,,,,,,,,,,,,,
3/11/2004,,,-6,,,,,,,,,,,,,,,,,,,,,
3/11/2004,,,-6,,,,,,,,,,,,,,,,,,,,,
3/11/2004,,,-7,,,,,,,,,,,,,,,,,,,,,
3/12/2004,,,-7,,,,,,,,,,,,,,,,,,,,,
3/12/2004,,,-7,,,,,,,,,,,,,,,,,,,,,
3/12/2004,,,-7,,,,,,,,,,,,,,,,,,,,,
3/12/2004,,,-8,,,,,,,,,,,,,,,,,,,,,
3/12/2004,,,-7,,,,,,,,,,,,,,,,,,,,,
3/12/2004,,,-7,,,,,,,,,,,,,,,,,,,,,
3/12/2004,,,-7,,,,,,,,,,,,,,,,,,,,,
3/12/2004,,,-7,,,,,,,,,,,,,,,,,,,,,
3/12/2004,,,-7,,,,,,,,,,,,,,,,,,,,,
3/12/2004,,,-6,,,,,,,,,,,,,,,,,,,,,
3/12/2004,,,-3,,,,,,,,,,,,,,,,,,,,,
3/12/2004,,,-3,,,,,,,,,,,,,,,,,,,,,
3/12/2004,,,-2,,,,,,,,,,,,,,,,,,,,,
3/12/2004,,,0,,,,,,,,,,,,,,,,,,,,,
3/12/2004,,,1,,,,,,,,,,,,,,,,,,,,,
3/12/2004,,,2,,,,,,,,,,,,,,,,,,,,,
3/12/2004,,,2,,,,,,,,,,,,,,,,,,,,,
3/12/2004,,,2,,,,,,,,,,,,,,,,,,,,,
3/12/2004,,,0,,,,,,,,,,,,,,,,,,,,,
3/12/2004,,,-2,,,,,,,,,,,,,,,,,,,,,
3/12/2004,,,-2,,,,,,,,,,,,,,,,,,,,,
3/12/2004,,,-3,,,,,,,,,,,,,,,,,,,,,
3/12/2004,,,-2,,,,,,,,,,,,,,,,,,,,,
3/12/2004,,,-4,,,,,,,,,,,,,,,,,,,,,
3/13/2004,,,-6,,,,,,,,,,,,,,,,,,,,,
3/13/2004,,,-6,,,,,,,,,,,,,,,,,,,,,
3/13/2004,,,-7,,,,,,,,,,,,,,,,,,,,,
3/13/2004,,,-7,,,,,,,,,,,,,,,,,,,,,
3/13/2004,,,-7,,,,,,,,,,,,,,,,,,,,,
3/13/2004,,,-7,,,,,,,,,,,,,,,,,,,,,
3/13/2004,,,-7,,,,,,,,,,,,,,,,,,,,,
3/13/2004,,,-4,,,,,,,,,,,,,,,,,,,,,
3/13/2004,,,-2,,,,,,,,,,,,,,,,,,,,,
3/13/2004,,,1,,,,,,,,,,,,,,,,,,,,,
3/13/2004,,,3,,,,,,,,,,,,,,,,,,,,,
3/13/2004,,,5,,,,,,,,,,,,,,,,,,,,,
3/13/2004,,,6,,,,,,,,,,,,,,,,,,,,,
3/13/2004,,,7,,,,,,,,,,,,,,,,,,,,,
3/13/2004,,,8,,,,,,,,,,,,,,,,,,,,,
3/13/2004,,,9,,,,,,,,,,,,,,,,,,,,,
3/13/2004,,,8,,,,,,,,,,,,,,,,,,,,,
3/13/2004,,,8,,,,,,,,,,,,,,,,,,,,,
3/13/2004,,,7,,,,,,,,,,,,,,,,,,,,,
3/13/2004,,,6,,,,,,,,,,,,,,,,,,,,,
3/13/2004,,,6,,,,,,,,,,,,,,,,,,,,,
3/13/2004,,,6,,,,,,,,,,,,,,,,,,,,,
3/13/2004,,,6,,,,,,,,,,,,,,,,,,,,,
3/13/2004,,,5,,,,,,,,,,,,,,,,,,,,,
3/14/2004,,,6,,,,,,,,,,,,,,,,,,,,,
3/14/2004,,,6,,,,,,,,,,,,,,,,,,,,,
3/14/2004,,,4,,,,,,,,,,,,,,,,,,,,,
3/14/2004,,,3,,,,,,,,,,,,,,,,,,,,,
3/14/2004,,,3,,,,,,,,,,,,,,,,,,,,,
3/14/2004,,,3,,,,,,,,,,,,,,,,,,,,,
3/14/2004,,,4,,,,,,,,,,,,,,,,,,,,,
3/14/2004,,,4,,,,,,,,,,,,,,,,,,,,,
3/14/2004,,,5,,,,,,,,,,,,,,,,,,,,,
3/14/2004,,,6,,,,,,,,,,,,,,,,,,,,,
3/14/2004,,,7,,,,,,,,,,,,,,,,,,,,,
3/14/2004,,,8,,,,,,,,,,,,,,,,,,,,,
3/14/2004,,,10,,,,,,,,,,,,,,,,,,,,,
3/14/2004,,,10,,,,,,,,,,,,,,,,,,,,,
3/14/2004,,,10,,,,,,,,,,,,,,,,,,,,,
3/14/2004,,,11,,,,,,,,,,,,,,,,,,,,,
3/14/2004,,,11,,,,,,,,,,,,,,,,,,,,,
3/14/2004,,,10,,,,,,,,,,,,,,,,,,,,,
3/14/2004,,,8,,,,,,,,,,,,,,,,,,,,,
3/14/2004,,,7,,,,,,,,,,,,,,,,,,,,,
3/14/2004,,,6,,,,,,,,,,,,,,,,,,,,,
3/14/2004,,,4,,,,,,,,,,,,,,,,,,,,,
3/14/2004,,,4,,,,,,,,,,,,,,,,,,,,,
3/14/2004,,,3,,,,,,,,,,,,,,,,,,,,,
3/15/2004,,,2,,,,,,,,,,,,,,,,,,,,,
3/15/2004,,,1,,,,,,,,,,,,,,,,,,,,,
3/15/2004,,,1,,,,,,,,,,,,,,,,,,,,,
3/15/2004,,,0,,,,,,,,,,,,,,,,,,,,,
3/15/2004,,,-1,,,,,,,,,,,,,,,,,,,,,
3/15/2004,,,-2,,,,,,,,,,,,,,,,,,,,,
3/15/2004,,,-2,,,,,,,,,,,,,,,,,,,,,
3/15/2004,,,-1,,,,,,,,,,,,,,,,,,,,,
3/15/2004,,,2,,,,,,,,,,,,,,,,,,,,,
3/15/2004,,,3,,,,,,,,,,,,,,,,,,,,,
3/15/2004,,,4,,,,,,,,,,,,,,,,,,,,,
3/15/2004,,,6,,,,,,,,,,,,,,,,,,,,,
3/15/2004,,,7,,,,,,,,,,,,,,,,,,,,,
3/15/2004,,,7,,,,,,,,,,,,,,,,,,,,,
3/15/2004,,,7,,,,,,,,,,,,,,,,,,,,,
3/15/2004,,,6,,,,,,,,,,,,,,,,,,,,,
3/15/2004,,,6,,,,,,,,,,,,,,,,,,,,,
3/15/2004,,,6,,,,,,,,,,,,,,,,,,,,,
3/15/2004,,,4,,,,,,,,,,,,,,,,,,,,,
3/15/2004,,,4,,,,,,,,,,,,,,,,,,,,,
3/15/2004,,,3,,,,,,,,,,,,,,,,,,,,,
3/15/2004,,,3,,,,,,,,,,,,,,,,,,,,,
3/15/2004,,,3,,,,,,,,,,,,,,,,,,,,,
3/15/2004,,,3,,,,,,,,,,,,,,,,,,,,,
3/16/2004,,,3,,,,,,,,,,,,,,,,,,,,,
3/16/2004,,,3,,,,,,,,,,,,,,,,,,,,,
3/16/2004,,,1,,,,,,,,,,,,,,,,,,,,,
3/16/2004,,,1,,,,,,,,,,,,,,,,,,,,,
3/16/2004,,,0,,,,,,,,,,,,,,,,,,,,,
3/16/2004,,,-1,,,,,,,,,,,,,,,,,,,,,
3/16/2004,,,-1,,,,,,,,,,,,,,,,,,,,,
3/16/2004,,,-1,,,,,,,,,,,,,,,,,,,,,
3/16/2004,,,-1,,,,,,,,,,,,,,,,,,,,,
3/16/2004,,,-1,,,,,,,,,,,,,,,,,,,,,
3/16/2004,,,-1,,,,,,,,,,,,,,,,,,,,,
3/16/2004,,,-1,,,,,,,,,,,,,,,,,,,,,
3/16/2004,,,0,,,,,,,,,,,,,,,,,,,,,
3/16/2004,,,1,,,,,,,,,,,,,,,,,,,,,
3/16/2004,,,1,,,,,,,,,,,,,,,,,,,,,
3/16/2004,,,1,,,,,,,,,,,,,,,,,,,,,
3/16/2004,,,1,,,,,,,,,,,,,,,,,,,,,
3/16/2004,,,1,,,,,,,,,,,,,,,,,,,,,
3/16/2004,,,1,,,,,,,,,,,,,,,,,,,,,
3/16/2004,,,0,,,,,,,,,,,,,,,,,,,,,
3/16/2004,,,0,,,,,,,,,,,,,,,,,,,,,
3/16/2004,,,0,,,,,,,,,,,,,,,,,,,,,
3/16/2004,,,0,,,,,,,,,,,,,,,,,,,,,
3/16/2004,,,0,,,,,,,,,,,,,,,,,,,,,
3/17/2004,,,-1,,,,,,,,,,,,,,,,,,,,,
3/17/2004,,,-1,,,,,,,,,,,,,,,,,,,,,
3/17/2004,,,-1,,,,,,,,,,,,,,,,,,,,,
3/17/2004,,,0,,,,,,,,,,,,,,,,,,,,,
3/17/2004,,,0,,,,,,,,,,,,,,,,,,,,,
3/17/2004,,,0,,,,,,,,,,,,,,,,,,,,,
3/17/2004,,,0,,,,,,,,,,,,,,,,,,,,,
3/17/2004,,,0,,,,,,,,,,,,,,,,,,,,,
3/17/2004,,,0,,,,,,,,,,,,,,,,,,,,,
3/17/2004,,,0,,,,,,,,,,,,,,,,,,,,,
3/17/2004,,,1,,,,,,,,,,,,,,,,,,,,,
3/17/2004,,,1,,,,,,,,,,,,,,,,,,,,,
3/17/2004,,,1,,,,,,,,,,,,,,,,,,,,,
3/17/2004,,,2,,,,,,,,,,,,,,,,,,,,,
3/17/2004,,,3,,,,,,,,,,,,,,,,,,,,,
3/17/2004,,,3,,,,,,,,,,,,,,,,,,,,,
3/17/2004,,,5,,,,,,,,,,,,,,,,,,,,,
3/17/2004,,,5,,,,,,,,,,,,,,,,,,,,,
3/17/2004,,,6,,,,,,,,,,,,,,,,,,,,,
3/17/2004,,,4,,,,,,,,,,,,,,,,,,,,,
3/17/2004,,,3,,,,,,,,,,,,,,,,,,,,,
3/17/2004,,,3,,,,,,,,,,,,,,,,,,,,,
3/17/2004,,,0,,,,,,,,,,,,,,,,,,,,,
3/17/2004,,,-1,,,,,,,,,,,,,,,,,,,,,
3/18/2004,,,0,,,,,,,,,,,,,,,,,,,,,
3/18/2004,,,-1,,,,,,,,,,,,,,,,,,,,,
3/18/2004,,,-1,,,,,,,,,,,,,,,,,,,,,
3/18/2004,,,-2,,,,,,,,,,,,,,,,,,,,,
3/18/2004,,,-2,,,,,,,,,,,,,,,,,,,,,
3/18/2004,,,-1,,,,,,,,,,,,,,,,,,,,,
3/18/2004,,,-1,,,,,,,,,,,,,,,,,,,,,
3/18/2004,,,0,,,,,,,,,,,,,,,,,,,,,
3/18/2004,,,1,,,,,,,,,,,,,,,,,,,,,
3/18/2004,,,2,,,,,,,,,,,,,,,,,,,,,
3/18/2004,,,3,,,,,,,,,,,,,,,,,,,,,
3/18/2004,,,3,,,,,,,,,,,,,,,,,,,,,
3/18/2004,,,4,,,,,,,,,,,,,,,,,,,,,
3/18/2004,,,4,,,,,,,,,,,,,,,,,,,,,
3/18/2004,,,4,,,,,,,,,,,,,,,,,,,,,
3/18/2004,,,6,,,,,,,,,,,,,,,,,,,,,
3/18/2004,,,8,,,,,,,,,,,,,,,,,,,,,
3/18/2004,,,9,,,,,,,,,,,,,,,,,,,,,
3/18/2004,,,7,,,,,,,,,,,,,,,,,,,,,
3/18/2004,,,6,,,,,,,,,,,,,,,,,,,,,
3/18/2004,,,6,,,,,,,,,,,,,,,,,,,,,
3/18/2004,,,5,,,,,,,,,,,,,,,,,,,,,
3/18/2004,,,3,,,,,,,,,,,,,,,,,,,,,
3/18/2004,,,3,,,,,,,,,,,,,,,,,,,,,
3/19/2004,,,2,,,,,,,,,,,,,,,,,,,,,
3/19/2004,,,2,,,,,,,,,,,,,,,,,,,,,
3/19/2004,,,1,,,,,,,,,,,,,,,,,,,,,
3/19/2004,,,0,,,,,,,,,,,,,,,,,,,,,
3/19/2004,,,-1,,,,,,,,,,,,,,,,,,,,,
3/19/2004,,,-1,,,,,,,,,,,,,,,,,,,,,
3/19/2004,,,-2,,,,,,,,,,,,,,,,,,,,,
3/19/2004,,,-2,,,,,,,,,,,,,,,,,,,,,
3/19/2004,,,1,,,,,,,,,,,,,,,,,,,,,
3/19/2004,,,4,,,,,,,,,,,,,,,,,,,,,
3/19/2004,,,5,,,,,,,,,,,,,,,,,,,,,
3/19/2004,,,6,,,,,,,,,,,,,,,,,,,,,
3/19/2004,,,8,,,,,,,,,,,,,,,,,,,,,
3/19/2004,,,9,,,,,,,,,,,,,,,,,,,,,
3/19/2004,,,11,,,,,,,,,,,,,,,,,,,,,
3/19/2004,,,12,,,,,,,,,,,,,,,,,,,,,
3/19/2004,,,12,,,,,,,,,,,,,,,,,,,,,
3/19/2004,,,12,,,,,,,,,,,,,,,,,,,,,
3/19/2004,,,10,,,,,,,,,,,,,,,,,,,,,
3/19/2004,,,9,,,,,,,,,,,,,,,,,,,,,
3/19/2004,,,9,,,,,,,,,,,,,,,,,,,,,
3/19/2004,,,8,,,,,,,,,,,,,,,,,,,,,
3/19/2004,,,8,,,,,,,,,,,,,,,,,,,,,
3/19/2004,,,9,,,,,,,,,,,,,,,,,,,,,
3/20/2004,,,8,,,,,,,,,,,,,,,,,,,,,
3/20/2004,,,9,,,,,,,,,,,,,,,,,,,,,
3/20/2004,,,9,,,,,,,,,,,,,,,,,,,,,
3/20/2004,,,9,,,,,,,,,,,,,,,,,,,,,
3/20/2004,,,11,,,,,,,,,,,,,,,,,,,,,
3/20/2004,,,12,,,,,,,,,,,,,,,,,,,,,
3/20/2004,,,12,,,,,,,,,,,,,,,,,,,,,
3/20/2004,,,13,,,,,,,,,,,,,,,,,,,,,
3/20/2004,,,14,,,,,,,,,,,,,,,,,,,,,
3/20/2004,,,15,,,,,,,,,,,,,,,,,,,,,
3/20/2004,,,15,,,,,,,,,,,,,,,,,,,,,
3/20/2004,,,14,,,,,,,,,,,,,,,,,,,,,
3/20/2004,,,14,,,,,,,,,,,,,,,,,,,,,
3/20/2004,,,14,,,,,,,,,,,,,,,,,,,,,
3/20/2004,,,17,,,,,,,,,,,,,,,,,,,,,
3/20/2004,,,19,,,,,,,,,,,,,,,,,,,,,
3/20/2004,,,16,,,,,,,,,,,,,,,,,,,,,
3/20/2004,,,14,,,,,,,,,,,,,,,,,,,,,
3/20/2004,,,12,,,,,,,,,,,,,,,,,,,,,
3/20/2004,,,9,,,,,,,,,,,,,,,,,,,,,
3/20/2004,,,7,,,,,,,,,,,,,,,,,,,,,
3/20/2004,,,4,,,,,,,,,,,,,,,,,,,,,
3/20/2004,,,3,,,,,,,,,,,,,,,,,,,,,
3/20/2004,,,3,,,,,,,,,,,,,,,,,,,,,
3/21/2004,,,3,,,,,,,,,,,,,,,,,,,,,
3/21/2004,,,2,,,,,,,,,,,,,,,,,,,,,
3/21/2004,,,1,,,,,,,,,,,,,,,,,,,,,
3/21/2004,,,1,,,,,,,,,,,,,,,,,,,,,
3/21/2004,,,0,,,,,,,,,,,,,,,,,,,,,
3/21/2004,,,-1,,,,,,,,,,,,,,,,,,,,,
3/21/2004,,,-2,,,,,,,,,,,,,,,,,,,,,
3/21/2004,,,-1,,,,,,,,,,,,,,,,,,,,,
3/21/2004,,,-1,,,,,,,,,,,,,,,,,,,,,
3/21/2004,,,0,,,,,,,,,,,,,,,,,,,,,
3/21/2004,,,0,,,,,,,,,,,,,,,,,,,,,
3/21/2004,,,2,,,,,,,,,,,,,,,,,,,,,
3/21/2004,,,2,,,,,,,,,,,,,,,,,,,,,
3/21/2004,,,1,,,,,,,,,,,,,,,,,,,,,
3/21/2004,,,1,,,,,,,,,,,,,,,,,,,,,
3/21/2004,,,1,,,,,,,,,,,,,,,,,,,,,
3/21/2004,,,1,,,,,,,,,,,,,,,,,,,,,
3/21/2004,,,1,,,,,,,,,,,,,,,,,,,,,
3/21/2004,,,-1,,,,,,,,,,,,,,,,,,,,,
3/21/2004,,,-2,,,,,,,,,,,,,,,,,,,,,
3/21/2004,,,-3,,,,,,,,,,,,,,,,,,,,,
3/21/2004,,,-4,,,,,,,,,,,,,,,,,,,,,
3/21/2004,,,-4,,,,,,,,,,,,,,,,,,,,,
3/21/2004,,,-4,,,,,,,,,,,,,,,,,,,,,
3/22/2004,,,-6,,,,,,,,,,,,,,,,,,,,,
3/22/2004,,,-6,,,,,,,,,,,,,,,,,,,,,
3/22/2004,,,-6,,,,,,,,,,,,,,,,,,,,,
3/22/2004,,,-6,,,,,,,,,,,,,,,,,,,,,
3/22/2004,,,-7,,,,,,,,,,,,,,,,,,,,,
3/22/2004,,,-7,,,,,,,,,,,,,,,,,,,,,
3/22/2004,,,-8,,,,,,,,,,,,,,,,,,,,,
3/22/2004,,,-6,,,,,,,,,,,,,,,,,,,,,
3/22/2004,,,-3,,,,,,,,,,,,,,,,,,,,,
3/22/2004,,,-2,,,,,,,,,,,,,,,,,,,,,
3/22/2004,,,-1,,,,,,,,,,,,,,,,,,,,,
3/22/2004,,,0,,,,,,,,,,,,,,,,,,,,,
3/22/2004,,,1,,,,,,,,,,,,,,,,,,,,,
3/22/2004,,,2,,,,,,,,,,,,,,,,,,,,,
3/22/2004,,,2,,,,,,,,,,,,,,,,,,,,,
3/22/2004,,,4,,,,,,,,,,,,,,,,,,,,,
3/22/2004,,,4,,,,,,,,,,,,,,,,,,,,,
3/22/2004,,,3,,,,,,,,,,,,,,,,,,,,,
3/22/2004,,,2,,,,,,,,,,,,,,,,,,,,,
3/22/2004,,,1,,,,,,,,,,,,,,,,,,,,,
3/22/2004,,,1,,,,,,,,,,,,,,,,,,,,,
3/22/2004,,,1,,,,,,,,,,,,,,,,,,,,,
3/22/2004,,,0,,,,,,,,,,,,,,,,,,,,,
3/22/2004,,,-1,,,,,,,,,,,,,,,,,,,,,
3/23/2004,,,0,,,,,,,,,,,,,,,,,,,,,
3/23/2004,,,0,,,,,,,,,,,,,,,,,,,,,
3/23/2004,,,0,,,,,,,,,,,,,,,,,,,,,
3/23/2004,,,0,,,,,,,,,,,,,,,,,,,,,
3/23/2004,,,0,,,,,,,,,,,,,,,,,,,,,
3/23/2004,,,0,,,,,,,,,,,,,,,,,,,,,
3/23/2004,,,1,,,,,,,,,,,,,,,,,,,,,
3/23/2004,,,2,,,,,,,,,,,,,,,,,,,,,
3/23/2004,,,4,,,,,,,,,,,,,,,,,,,,,
3/23/2004,,,7,,,,,,,,,,,,,,,,,,,,,
3/23/2004,,,9,,,,,,,,,,,,,,,,,,,,,
3/23/2004,,,11,,,,,,,,,,,,,,,,,,,,,
3/23/2004,,,12,,,,,,,,,,,,,,,,,,,,,
3/23/2004,,,14,,,,,,,,,,,,,,,,,,,,,
3/23/2004,,,14,,,,,,,,,,,,,,,,,,,,,
3/23/2004,,,14,,,,,,,,,,,,,,,,,,,,,
3/23/2004,,,13,,,,,,,,,,,,,,,,,,,,,
3/23/2004,,,13,,,,,,,,,,,,,,,,,,,,,
3/23/2004,,,12,,,,,,,,,,,,,,,,,,,,,
3/23/2004,,,10,,,,,,,,,,,,,,,,,,,,,
3/23/2004,,,11,,,,,,,,,,,,,,,,,,,,,
3/23/2004,,,10,,,,,,,,,,,,,,,,,,,,,
3/23/2004,,,10,,,,,,,,,,,,,,,,,,,,,
3/23/2004,,,9,,,,,,,,,,,,,,,,,,,,,
3/24/2004,,,7,,,,,,,,,,,,,,,,,,,,,
3/24/2004,,,7,,,,,,,,,,,,,,,,,,,,,
3/24/2004,,,7,,,,,,,,,,,,,,,,,,,,,
3/24/2004,,,7,,,,,,,,,,,,,,,,,,,,,
3/24/2004,,,8,,,,,,,,,,,,,,,,,,,,,
3/24/2004,,,8,,,,,,,,,,,,,,,,,,,,,
3/24/2004,,,9,,,,,,,,,,,,,,,,,,,,,
3/24/2004,,,11,,,,,,,,,,,,,,,,,,,,,
3/24/2004,,,12,,,,,,,,,,,,,,,,,,,,,
3/24/2004,,,13,,,,,,,,,,,,,,,,,,,,,
3/24/2004,,,16,,,,,,,,,,,,,,,,,,,,,
3/24/2004,,,16,,,,,,,,,,,,,,,,,,,,,
3/24/2004,,,15,,,,,,,,,,,,,,,,,,,,,
3/24/2004,,,17,,,,,,,,,,,,,,,,,,,,,
3/24/2004,,,18,,,,,,,,,,,,,,,,,,,,,
3/24/2004,,,19,,,,,,,,,,,,,,,,,,,,,
3/24/2004,,,19,,,,,,,,,,,,,,,,,,,,,
3/24/2004,,,19,,,,,,,,,,,,,,,,,,,,,
3/24/2004,,,19,,,,,,,,,,,,,,,,,,,,,
3/24/2004,,,18,,,,,,,,,,,,,,,,,,,,,
3/24/2004,,,18,,,,,,,,,,,,,,,,,,,,,
3/24/2004,,,18,,,,,,,,,,,,,,,,,,,,,
3/24/2004,,,17,,,,,,,,,,,,,,,,,,,,,
3/24/2004,,,17,,,,,,,,,,,,,,,,,,,,,
3/25/2004,,,17,,,,,,,,,,,,,,,,,,,,,
3/25/2004,,,17,,,,,,,,,,,,,,,,,,,,,
3/25/2004,,,17,,,,,,,,,,,,,,,,,,,,,
3/25/2004,,,16,,,,,,,,,,,,,,,,,,,,,
3/25/2004,,,15,,,,,,,,,,,,,,,,,,,,,
3/25/2004,,,16,,,,,,,,,,,,,,,,,,,,,
3/25/2004,,,16,,,,,,,,,,,,,,,,,,,,,
3/25/2004,,,15,,,,,,,,,,,,,,,,,,,,,
3/25/2004,,,15,,,,,,,,,,,,,,,,,,,,,
3/25/2004,,,13,,,,,,,,,,,,,,,,,,,,,
3/25/2004,,,13,,,,,,,,,,,,,,,,,,,,,
3/25/2004,,,13,,,,,,,,,,,,,,,,,,,,,
3/25/2004,,,16,,,,,,,,,,,,,,,,,,,,,
3/25/2004,,,14,,,,,,,,,,,,,,,,,,,,,
3/25/2004,,,15,,,,,,,,,,,,,,,,,,,,,
3/25/2004,,,16,,,,,,,,,,,,,,,,,,,,,
3/25/2004,,,16,,,,,,,,,,,,,,,,,,,,,
3/25/2004,,,16,,,,,,,,,,,,,,,,,,,,,
3/25/2004,,,16,,,,,,,,,,,,,,,,,,,,,
3/25/2004,,,16,,,,,,,,,,,,,,,,,,,,,
3/25/2004,,,17,,,,,,,,,,,,,,,,,,,,,
3/25/2004,,,17,,,,,,,,,,,,,,,,,,,,,
3/25/2004,,,17,,,,,,,,,,,,,,,,,,,,,
3/25/2004,,,17,,,,,,,,,,,,,,,,,,,,,
3/26/2004,,,17,,,,,,,,,,,,,,,,,,,,,
3/26/2004,,,17,,,,,,,,,,,,,,,,,,,,,
3/26/2004,,,17,,,,,,,,,,,,,,,,,,,,,
3/26/2004,,,16,,,,,,,,,,,,,,,,,,,,,
3/26/2004,,,14,,,,,,,,,,,,,,,,,,,,,
3/26/2004,,,15,,,,,,,,,,,,,,,,,,,,,
3/26/2004,,,15,,,,,,,,,,,,,,,,,,,,,
3/26/2004,,,14.1,,,,,,,,,,,,,,,,,,,,,
3/26/2004,,,14,,,,,,,,,,,,,,,,,,,,,
3/26/2004,,,14,,,,,,,,,,,,,,,,,,,,,
3/26/2004,,,14,,,,,,,,,,,,,,,,,,,,,
3/26/2004,,,14,,,,,,,,,,,,,,,,,,,,,
3/26/2004,,,15,,,,,,,,,,,,,,,,,,,,,
3/26/2004,,,17,,,,,,,,,,,,,,,,,,,,,
3/26/2004,,,17,,,,,,,,,,,,,,,,,,,,,
3/26/2004,,,17,,,,,,,,,,,,,,,,,,,,,
3/26/2004,,,17,,,,,,,,,,,,,,,,,,,,,
3/26/2004,,,16,,,,,,,,,,,,,,,,,,,,,
3/26/2004,,,16,,,,,,,,,,,,,,,,,,,,,
3/26/2004,,,14,,,,,,,,,,,,,,,,,,,,,
3/26/2004,,,14,,,,,,,,,,,,,,,,,,,,,
3/26/2004,,,14,,,,,,,,,,,,,,,,,,,,,
3/26/2004,,,14,,,,,,,,,,,,,,,,,,,,,
3/26/2004,,,14,,,,,,,,,,,,,,,,,,,,,
3/27/2004,,,14,,,,,,,,,,,,,,,,,,,,,
3/27/2004,,,14,,,,,,,,,,,,,,,,,,,,,
3/27/2004,,,14,,,,,,,,,,,,,,,,,,,,,
3/27/2004,,,14,,,,,,,,,,,,,,,,,,,,,
3/27/2004,,,13,,,,,,,,,,,,,,,,,,,,,
3/27/2004,,,13,,,,,,,,,,,,,,,,,,,,,
3/27/2004,,,13,,,,,,,,,,,,,,,,,,,,,
3/27/2004,,,14,,,,,,,,,,,,,,,,,,,,,
3/27/2004,,,14,,,,,,,,,,,,,,,,,,,,,
3/27/2004,,,15,,,,,,,,,,,,,,,,,,,,,
3/27/2004,,,16,,,,,,,,,,,,,,,,,,,,,
3/27/2004,,,19,,,,,,,,,,,,,,,,,,,,,
3/27/2004,,,20,,,,,,,,,,,,,,,,,,,,,
3/27/2004,,,20,,,,,,,,,,,,,,,,,,,,,
3/27/2004,,,20,,,,,,,,,,,,,,,,,,,,,
3/27/2004,,,21,,,,,,,,,,,,,,,,,,,,,
3/27/2004,,,21,,,,,,,,,,,,,,,,,,,,,
3/27/2004,,,21,,,,,,,,,,,,,,,,,,,,,
3/27/2004,,,19,,,,,,,,,,,,,,,,,,,,,
3/27/2004,,,18,,,,,,,,,,,,,,,,,,,,,
3/27/2004,,,18,,,,,,,,,,,,,,,,,,,,,
3/27/2004,,,17,,,,,,,,,,,,,,,,,,,,,
3/27/2004,,,17,,,,,,,,,,,,,,,,,,,,,
3/27/2004,,,17,,,,,,,,,,,,,,,,,,,,,
3/28/2004,,,16,,,,,,,,,,,,,,,,,,,,,
3/28/2004,,,16,,,,,,,,,,,,,,,,,,,,,
3/28/2004,,,15,,,,,,,,,,,,,,,,,,,,,
3/28/2004,,,16,,,,,,,,,,,,,,,,,,,,,
3/28/2004,,,16,,,,,,,,,,,,,,,,,,,,,
3/28/2004,,,16,,,,,,,,,,,,,,,,,,,,,
3/28/2004,,,16,,,,,,,,,,,,,,,,,,,,,
3/28/2004,,,16,,,,,,,,,,,,,,,,,,,,,
3/28/2004,,,18,,,,,,,,,,,,,,,,,,,,,
3/28/2004,,,20,,,,,,,,,,,,,,,,,,,,,
3/28/2004,,,22,,,,,,,,,,,,,,,,,,,,,
3/28/2004,,,23,,,,,,,,,,,,,,,,,,,,,
3/28/2004,,,24,,,,,,,,,,,,,,,,,,,,,
3/28/2004,,,23,,,,,,,,,,,,,,,,,,,,,
3/28/2004,,,24,,,,,,,,,,,,,,,,,,,,,
3/28/2004,,,24,,,,,,,,,,,,,,,,,,,,,
3/28/2004,,,24,,,,,,,,,,,,,,,,,,,,,
3/28/2004,,,23,,,,,,,,,,,,,,,,,,,,,
3/28/2004,,,22,,,,,,,,,,,,,,,,,,,,,
3/28/2004,,,22,,,,,,,,,,,,,,,,,,,,,
3/28/2004,,,14,,,,,,,,,,,,,,,,,,,,,
3/28/2004,,,13,,,,,,,,,,,,,,,,,,,,,
3/28/2004,,,12,,,,,,,,,,,,,,,,,,,,,
3/28/2004,,,10,,,,,,,,,,,,,,,,,,,,,
3/29/2004,,,9,,,,,,,,,,,,,,,,,,,,,
3/29/2004,,,9,,,,,,,,,,,,,,,,,,,,,
3/29/2004,,,9,,,,,,,,,,,,,,,,,,,,,
3/29/2004,,,9,,,,,,,,,,,,,,,,,,,,,
3/29/2004,,,9,,,,,,,,,,,,,,,,,,,,,
3/29/2004,,,9,,,,,,,,,,,,,,,,,,,,,
3/29/2004,,,8,,,,,,,,,,,,,,,,,,,,,
3/29/2004,,,9,,,,,,,,,,,,,,,,,,,,,
3/29/2004,,,9,,,,,,,,,,,,,,,,,,,,,
3/29/2004,,,10,,,,,,,,,,,,,,,,,,,,,
3/29/2004,,,12,,,,,,,,,,,,,,,,,,,,,
3/29/2004,,,14,,,,,,,,,,,,,,,,,,,,,
3/29/2004,,,15,,,,,,,,,,,,,,,,,,,,,
3/29/2004,,,16,,,,,,,,,,,,,,,,,,,,,
3/29/2004,,,16,,,,,,,,,,,,,,,,,,,,,
3/29/2004,,,15,,,,,,,,,,,,,,,,,,,,,
3/29/2004,,,17,,,,,,,,,,,,,,,,,,,,,
3/29/2004,,,16,,,,,,,,,,,,,,,,,,,,,
3/29/2004,,,14,,,,,,,,,,,,,,,,,,,,,
3/29/2004,,,12,,,,,,,,,,,,,,,,,,,,,
3/29/2004,,,10,,,,,,,,,,,,,,,,,,,,,
3/29/2004,,,8,,,,,,,,,,,,,,,,,,,,,
3/29/2004,,,8,,,,,,,,,,,,,,,,,,,,,
3/29/2004,,,7,,,,,,,,,,,,,,,,,,,,,
3/30/2004,,,6,,,,,,,,,,,,,,,,,,,,,
3/30/2004,,,6,,,,,,,,,,,,,,,,,,,,,
3/30/2004,,,7,,,,,,,,,,,,,,,,,,,,,
3/30/2004,,,6,,,,,,,,,,,,,,,,,,,,,
3/30/2004,,,7,,,,,,,,,,,,,,,,,,,,,
3/30/2004,,,8,,,,,,,,,,,,,,,,,,,,,
3/30/2004,,,8,,,,,,,,,,,,,,,,,,,,,
3/30/2004,,,9,,,,,,,,,,,,,,,,,,,,,
3/30/2004,,,10,,,,,,,,,,,,,,,,,,,,,
3/30/2004,,,11,,,,,,,,,,,,,,,,,,,,,
3/30/2004,,,10,,,,,,,,,,,,,,,,,,,,,
3/30/2004,,,12,,,,,,,,,,,,,,,,,,,,,
3/30/2004,,,7,,,,,,,,,,,,,,,,,,,,,
3/30/2004,,,9,,,,,,,,,,,,,,,,,,,,,
3/30/2004,,,9,,,,,,,,,,,,,,,,,,,,,
3/30/2004,,,9,,,,,,,,,,,,,,,,,,,,,
3/30/2004,,,9,,,,,,,,,,,,,,,,,,,,,
3/30/2004,,,9,,,,,,,,,,,,,,,,,,,,,
3/30/2004,,,8,,,,,,,,,,,,,,,,,,,,,
3/30/2004,,,8,,,,,,,,,,,,,,,,,,,,,
3/30/2004,,,7,,,,,,,,,,,,,,,,,,,,,
3/30/2004,,,7,,,,,,,,,,,,,,,,,,,,,
3/30/2004,,,6,,,,,,,,,,,,,,,,,,,,,
3/30/2004,,,6,,,,,,,,,,,,,,,,,,,,,
3/31/2004,,,5,,,,,,,,,,,,,,,,,,,,,
3/31/2004,,,5,,,,,,,,,,,,,,,,,,,,,
3/31/2004,,,6,,,,,,,,,,,,,,,,,,,,,
3/31/2004,,,6,,,,,,,,,,,,,,,,,,,,,
3/31/2004,,,6,,,,,,,,,,,,,,,,,,,,,
3/31/2004,,,7,,,,,,,,,,,,,,,,,,,,,
3/31/2004,,,7,,,,,,,,,,,,,,,,,,,,,
3/31/2004,,,7,,,,,,,,,,,,,,,,,,,,,
3/31/2004,,,8,,,,,,,,,,,,,,,,,,,,,
3/31/2004,,,9,,,,,,,,,,,,,,,,,,,,,
3/31/2004,,,9,,,,,,,,,,,,,,,,,,,,,
3/31/2004,,,11,,,,,,,,,,,,,,,,,,,,,
3/31/2004,,,11,,,,,,,,,,,,,,,,,,,,,
3/31/2004,,,11,,,,,,,,,,,,,,,,,,,,,
3/31/2004,,,10,,,,,,,,,,,,,,,,,,,,,
3/31/2004,,,11,,,,,,,,,,,,,,,,,,,,,
3/31/2004,,,10,,,,,,,,,,,,,,,,,,,,,
3/31/2004,,,9,,,,,,,,,,,,,,,,,,,,,
3/31/2004,,,7,,,,,,,,,,,,,,,,,,,,,
3/31/2004,,,5,,,,,,,,,,,,,,,,,,,,,
3/31/2004,,,4,,,,,,,,,,,,,,,,,,,,,
3/31/2004,,,5.3,,,,,,,,,,,,,,,,,,,,,
3/31/2004,,,6.7,,,,,,,,,,,,,,,,,,,,,
3/31/2004,,,8,,,,,,,,,,,,,,,,,,,,,
4/1/1999,,,9.3,,,,,,,,,,,,,,,,,,,,,
4/1/1999,,,10.6,,,,,,,,,,,,,,,,,,,,,
4/1/1999,,,12,,,,,,,,,,,,,,,,,,,,,
4/1/1999,,,13.3,,,,,,,,,,,,,,,,,,,,,
4/1/1999,,,13.3,,,,,,,,,,,,,,,,,,,,,
4/1/1999,,,13.3,,,,,,,,,,,,,,,,,,,,,
4/1/1999,,,13.3,,,,,,,,,,,,,,,,,,,,,
4/1/1999,,,13.9,,,,,,,,,,,,,,,,,,,,,
4/1/1999,,,14.4,,,,,,,,,,,,,,,,,,,,,
4/1/1999,,,15.6,,,,,,,,,,,,,,,,,,,,,
4/1/1999,,,15.6,,,,,,,,,,,,,,,,,,,,,
4/1/1999,,,16.1,,,,,,,,,,,,,,,,,,,,,
4/1/1999,,,16.1,,,,,,,,,,,,,,,,,,,,,
4/1/1999,,,17.2,,,,,,,,,,,,,,,,,,,,,
4/1/1999,,,17.2,,,,,,,,,,,,,,,,,,,,,
4/1/1999,,,17.2,,,,,,,,,,,,,,,,,,,,,
4/1/1999,,,17.2,,,,,,,,,,,,,,,,,,,,,
4/1/1999,,,17.2,,,,,,,,,,,,,,,,,,,,,
4/1/1999,,,16.7,,,,,,,,,,,,,,,,,,,,,
4/1/1999,,,16.1,,,,,,,,,,,,,,,,,,,,,
4/1/1999,,,16.1,,,,,,,,,,,,,,,,,,,,,
4/1/1999,,,16.1,,,,,,,,,,,,,,,,,,,,,
4/1/1999,,,15,,,,,,,,,,,,,,,,,,,,,
4/1/1999,,,14.4,,,,,,,,,,,,,,,,,,,,,
4/2/1999,,,13.9,,,,,,,,,,,,,,,,,,,,,
4/2/1999,,,14.4,,,,,,,,,,,,,,,,,,,,,
4/2/1999,,,14.4,,,,,,,,,,,,,,,,,,,,,
4/2/1999,,,14.4,,,,,,,,,,,,,,,,,,,,,
4/2/1999,,,13.9,,,,,,,,,,,,,,,,,,,,,
4/2/1999,,,13.9,,,,,,,,,,,,,,,,,,,,,
4/2/1999,,,13.3,,,,,,,,,,,,,,,,,,,,,
4/2/1999,,,13.9,,,,,,,,,,,,,,,,,,,,,
4/2/1999,,,16.1,,,,,,,,,,,,,,,,,,,,,
4/2/1999,,,17.8,,,,,,,,,,,,,,,,,,,,,
4/2/1999,,,18.9,,,,,,,,,,,,,,,,,,,,,
4/2/1999,,,20,,,,,,,,,,,,,,,,,,,,,
4/2/1999,,,20.6,,,,,,,,,,,,,,,,,,,,,
4/2/1999,,,22.2,,,,,,,,,,,,,,,,,,,,,
4/2/1999,,,23.3,,,,,,,,,,,,,,,,,,,,,
4/2/1999,,,23.3,,,,,,,,,,,,,,,,,,,,,
4/2/1999,,,23.9,,,,,,,,,,,,,,,,,,,,,
4/2/1999,,,23.3,,,,,,,,,,,,,,,,,,,,,
4/2/1999,,,23.3,,,,,,,,,,,,,,,,,,,,,
4/2/1999,,,21.1,,,,,,,,,,,,,,,,,,,,,
4/2/1999,,,20.6,,,,,,,,,,,,,,,,,,,,,
4/2/1999,,,19.4,,,,,,,,,,,,,,,,,,,,,
4/2/1999,,,18.9,,,,,,,,,,,,,,,,,,,,,
4/2/1999,,,18.9,,,,,,,,,,,,,,,,,,,,,
4/3/1999,,,17.2,,,,,,,,,,,,,,,,,,,,,
4/3/1999,,,16.7,,,,,,,,,,,,,,,,,,,,,
4/3/1999,,,16.7,,,,,,,,,,,,,,,,,,,,,
4/3/1999,,,17.2,,,,,,,,,,,,,,,,,,,,,
4/3/1999,,,17.2,,,,,,,,,,,,,,,,,,,,,
4/3/1999,,,17.2,,,,,,,,,,,,,,,,,,,,,
4/3/1999,,,17.8,,,,,,,,,,,,,,,,,,,,,
4/3/1999,,,18.9,,,,,,,,,,,,,,,,,,,,,
4/3/1999,,,19.4,,,,,,,,,,,,,,,,,,,,,
4/3/1999,,,20,,,,,,,,,,,,,,,,,,,,,
4/3/1999,,,22.2,,,,,,,,,,,,,,,,,,,,,
4/3/1999,,,21.7,,,,,,,,,,,,,,,,,,,,,
4/3/1999,,,21.1,,,,,,,,,,,,,,,,,,,,,
4/3/1999,,,20.6,,,,,,,,,,,,,,,,,,,,,
4/3/1999,,,20,,,,,,,,,,,,,,,,,,,,,
4/3/1999,,,19.4,,,,,,,,,,,,,,,,,,,,,
4/3/1999,,,20.6,,,,,,,,,,,,,,,,,,,,,
4/3/1999,,,20,,,,,,,,,,,,,,,,,,,,,
4/3/1999,,,18.9,,,,,,,,,,,,,,,,,,,,,
4/3/1999,,,17.2,,,,,,,,,,,,,,,,,,,,,
4/3/1999,,,16.1,,,,,,,,,,,,,,,,,,,,,
4/3/1999,,,15,,,,,,,,,,,,,,,,,,,,,
4/3/1999,,,15.6,,,,,,,,,,,,,,,,,,,,,
4/3/1999,,,15.6,,,,,,,,,,,,,,,,,,,,,
4/4/1999,,,15.6,,,,,,,,,,,,,,,,,,,,,
4/4/1999,,,15.9,,,,,,,,,,,,,,,,,,,,,
4/4/1999,,,16,,,,,,,,,,,,,,,,,,,,,
4/4/1999,,,15,,,,,,,,,,,,,,,,,,,,,
4/4/1999,,,15,,,,,,,,,,,,,,,,,,,,,
4/4/1999,,,15,,,,,,,,,,,,,,,,,,,,,
4/4/1999,,,16.1,,,,,,,,,,,,,,,,,,,,,
4/4/1999,,,16.7,,,,,,,,,,,,,,,,,,,,,
4/4/1999,,,16.7,,,,,,,,,,,,,,,,,,,,,
4/4/1999,,,16.7,,,,,,,,,,,,,,,,,,,,,
4/4/1999,,,16.1,,,,,,,,,,,,,,,,,,,,,
4/4/1999,,,18.9,,,,,,,,,,,,,,,,,,,,,
4/4/1999,,,20,,,,,,,,,,,,,,,,,,,,,
4/4/1999,,,21.7,,,,,,,,,,,,,,,,,,,,,
4/4/1999,,,22.2,,,,,,,,,,,,,,,,,,,,,
4/4/1999,,,22.2,,,,,,,,,,,,,,,,,,,,,
4/4/1999,,,21.7,,,,,,,,,,,,,,,,,,,,,
4/4/1999,,,20.6,,,,,,,,,,,,,,,,,,,,,
4/4/1999,,,18.9,,,,,,,,,,,,,,,,,,,,,
4/4/1999,,,16.7,,,,,,,,,,,,,,,,,,,,,
4/4/1999,,,15,,,,,,,,,,,,,,,,,,,,,
4/4/1999,,,13.3,,,,,,,,,,,,,,,,,,,,,
4/4/1999,,,12.2,,,,,,,,,,,,,,,,,,,,,
4/4/1999,,,11.7,,,,,,,,,,,,,,,,,,,,,
4/5/1999,,,10.6,,,,,,,,,,,,,,,,,,,,,
4/5/1999,,,10,,,,,,,,,,,,,,,,,,,,,
4/5/1999,,,9.4,,,,,,,,,,,,,,,,,,,,,
4/5/1999,,,9.4,,,,,,,,,,,,,,,,,,,,,
4/5/1999,,,10,,,,,,,,,,,,,,,,,,,,,
4/5/1999,,,10,,,,,,,,,,,,,,,,,,,,,
4/5/1999,,,10,,,,,,,,,,,,,,,,,,,,,
4/5/1999,,,9.4,,,,,,,,,,,,,,,,,,,,,
4/5/1999,,,8.9,,,,,,,,,,,,,,,,,,,,,
4/5/1999,,,8.9,,,,,,,,,,,,,,,,,,,,,
4/5/1999,,,10,,,,,,,,,,,,,,,,,,,,,
4/5/1999,,,11.1,,,,,,,,,,,,,,,,,,,,,
4/5/1999,,,13.9,,,,,,,,,,,,,,,,,,,,,
4/5/1999,,,16.1,,,,,,,,,,,,,,,,,,,,,
4/5/1999,,,18.3,,,,,,,,,,,,,,,,,,,,,
4/5/1999,,,20,,,,,,,,,,,,,,,,,,,,,
4/5/1999,,,19.4,,,,,,,,,,,,,,,,,,,,,
4/5/1999,,,20,,,,,,,,,,,,,,,,,,,,,
4/5/1999,,,20,,,,,,,,,,,,,,,,,,,,,
4/5/1999,,,19.4,,,,,,,,,,,,,,,,,,,,,
4/5/1999,,,18.3,,,,,,,,,,,,,,,,,,,,,
4/5/1999,,,17.2,,,,,,,,,,,,,,,,,,,,,
4/5/1999,,,18.3,,,,,,,,,,,,,,,,,,,,,
4/5/1999,,,16.7,,,,,,,,,,,,,,,,,,,,,
4/6/1999,,,17.8,,,,,,,,,,,,,,,,,,,,,
4/6/1999,,,17,,,,,,,,,,,,,,,,,,,,,
4/6/1999,,,17.2,,,,,,,,,,,,,,,,,,,,,
4/6/1999,,,16.7,,,,,,,,,,,,,,,,,,,,,
4/6/1999,,,16.7,,,,,,,,,,,,,,,,,,,,,
4/6/1999,,,16.7,,,,,,,,,,,,,,,,,,,,,
4/6/1999,,,16.7,,,,,,,,,,,,,,,,,,,,,
4/6/1999,,,12.8,,,,,,,,,,,,,,,,,,,,,
4/6/1999,,,12.2,,,,,,,,,,,,,,,,,,,,,
4/6/1999,,,11.7,,,,,,,,,,,,,,,,,,,,,
4/6/1999,,,11.1,,,,,,,,,,,,,,,,,,,,,
4/6/1999,,,11.1,,,,,,,,,,,,,,,,,,,,,
4/6/1999,,,13.3,,,,,,,,,,,,,,,,,,,,,
4/6/1999,,,14.4,,,,,,,,,,,,,,,,,,,,,
4/6/1999,,,16.1,,,,,,,,,,,,,,,,,,,,,
4/6/1999,,,16.7,,,,,,,,,,,,,,,,,,,,,
4/6/1999,,,17.2,,,,,,,,,,,,,,,,,,,,,
4/6/1999,,,16.7,,,,,,,,,,,,,,,,,,,,,
4/6/1999,,,15.6,,,,,,,,,,,,,,,,,,,,,
4/6/1999,,,13.3,,,,,,,,,,,,,,,,,,,,,
4/6/1999,,,12.2,,,,,,,,,,,,,,,,,,,,,
4/6/1999,,,11.1,,,,,,,,,,,,,,,,,,,,,
4/6/1999,,,10,,,,,,,,,,,,,,,,,,,,,
4/6/1999,,,10,,,,,,,,,,,,,,,,,,,,,
4/7/1999,,,9.4,,,,,,,,,,,,,,,,,,,,,
4/7/1999,,,7.2,,,,,,,,,,,,,,,,,,,,,
4/7/1999,,,6.1,,,,,,,,,,,,,,,,,,,,,
4/7/1999,,,5.6,,,,,,,,,,,,,,,,,,,,,
4/7/1999,,,5.6,,,,,,,,,,,,,,,,,,,,,
4/7/1999,,,5,,,,,,,,,,,,,,,,,,,,,
4/7/1999,,,5,,,,,,,,,,,,,,,,,,,,,
4/7/1999,,,8.3,,,,,,,,,,,,,,,,,,,,,
4/7/1999,,,12.8,,,,,,,,,,,,,,,,,,,,,
4/7/1999,,,15.6,,,,,,,,,,,,,,,,,,,,,
4/7/1999,,,17.2,,,,,,,,,,,,,,,,,,,,,
4/7/1999,,,18.9,,,,,,,,,,,,,,,,,,,,,
4/7/1999,,,20,,,,,,,,,,,,,,,,,,,,,
4/7/1999,,,21.7,,,,,,,,,,,,,,,,,,,,,
4/7/1999,,,22.8,,,,,,,,,,,,,,,,,,,,,
4/7/1999,,,22.8,,,,,,,,,,,,,,,,,,,,,
4/7/1999,,,23.3,,,,,,,,,,,,,,,,,,,,,
4/7/1999,,,22.8,,,,,,,,,,,,,,,,,,,,,
4/7/1999,,,21.7,,,,,,,,,,,,,,,,,,,,,
4/7/1999,,,19.4,,,,,,,,,,,,,,,,,,,,,
4/7/1999,,,18.9,,,,,,,,,,,,,,,,,,,,,
4/7/1999,,,17.8,,,,,,,,,,,,,,,,,,,,,
4/7/1999,,,17.2,,,,,,,,,,,,,,,,,,,,,
4/7/1999,,,17.2,,,,,,,,,,,,,,,,,,,,,
4/8/1999,,,16.1,,,,,,,,,,,,,,,,,,,,,
4/8/1999,,,15.6,,,,,,,,,,,,,,,,,,,,,
4/8/1999,,,13.9,,,,,,,,,,,,,,,,,,,,,
4/8/1999,,,11.7,,,,,,,,,,,,,,,,,,,,,
4/8/1999,,,10,,,,,,,,,,,,,,,,,,,,,
4/8/1999,,,10,,,,,,,,,,,,,,,,,,,,,
4/8/1999,,,10,,,,,,,,,,,,,,,,,,,,,
4/8/1999,,,12.8,,,,,,,,,,,,,,,,,,,,,
4/8/1999,,,16.1,,,,,,,,,,,,,,,,,,,,,
4/8/1999,,,19.4,,,,,,,,,,,,,,,,,,,,,
4/8/1999,,,21.7,,,,,,,,,,,,,,,,,,,,,
4/8/1999,,,23.3,,,,,,,,,,,,,,,,,,,,,
4/8/1999,,,24.4,,,,,,,,,,,,,,,,,,,,,
4/8/1999,,,25,,,,,,,,,,,,,,,,,,,,,
4/8/1999,,,22.8,,,,,,,,,,,,,,,,,,,,,
4/8/1999,,,21.7,,,,,,,,,,,,,,,,,,,,,
4/8/1999,,,21.7,,,,,,,,,,,,,,,,,,,,,
4/8/1999,,,20.6,,,,,,,,,,,,,,,,,,,,,
4/8/1999,,,20,,,,,,,,,,,,,,,,,,,,,
4/8/1999,,,20.6,,,,,,,,,,,,,,,,,,,,,
4/8/1999,,,20.6,,,,,,,,,,,,,,,,,,,,,
4/8/1999,,,21.7,,,,,,,,,,,,,,,,,,,,,
4/8/1999,,,21.1,,,,,,,,,,,,,,,,,,,,,
4/8/1999,,,21.1,,,,,,,,,,,,,,,,,,,,,
4/9/1999,,,17.2,,,,,,,,,,,,,,,,,,,,,
4/9/1999,,,17.8,,,,,,,,,,,,,,,,,,,,,
4/9/1999,,,17.8,,,,,,,,,,,,,,,,,,,,,
4/9/1999,,,16.7,,,,,,,,,,,,,,,,,,,,,
4/9/1999,,,16.1,,,,,,,,,,,,,,,,,,,,,
4/9/1999,,,15.6,,,,,,,,,,,,,,,,,,,,,
4/9/1999,,,16.7,,,,,,,,,,,,,,,,,,,,,
4/9/1999,,,17.2,,,,,,,,,,,,,,,,,,,,,
4/9/1999,,,15.6,,,,,,,,,,,,,,,,,,,,,
4/9/1999,,,15.6,,,,,,,,,,,,,,,,,,,,,
4/9/1999,,,14.4,,,,,,,,,,,,,,,,,,,,,
4/9/1999,,,15,,,,,,,,,,,,,,,,,,,,,
4/9/1999,,,16.1,,,,,,,,,,,,,,,,,,,,,
4/9/1999,,,15,,,,,,,,,,,,,,,,,,,,,
4/9/1999,,,13,,,,,,,,,,,,,,,,,,,,,
4/9/1999,,,12.8,,,,,,,,,,,,,,,,,,,,,
4/9/1999,,,11.7,,,,,,,,,,,,,,,,,,,,,
4/9/1999,,,11.7,,,,,,,,,,,,,,,,,,,,,
4/9/1999,,,10.6,,,,,,,,,,,,,,,,,,,,,
4/9/1999,,,10,,,,,,,,,,,,,,,,,,,,,
4/9/1999,,,9.4,,,,,,,,,,,,,,,,,,,,,
4/9/1999,,,8.9,,,,,,,,,,,,,,,,,,,,,
4/9/1999,,,8.9,,,,,,,,,,,,,,,,,,,,,
4/9/1999,,,7.8,,,,,,,,,,,,,,,,,,,,,
4/10/1999,,,6.7,,,,,,,,,,,,,,,,,,,,,
4/10/1999,,,6.1,,,,,,,,,,,,,,,,,,,,,
4/10/1999,,,5.6,,,,,,,,,,,,,,,,,,,,,
4/10/1999,,,5.6,,,,,,,,,,,,,,,,,,,,,
4/10/1999,,,3.9,,,,,,,,,,,,,,,,,,,,,
4/10/1999,,,5,,,,,,,,,,,,,,,,,,,,,
4/10/1999,,,5.6,,,,,,,,,,,,,,,,,,,,,
4/10/1999,,,7.2,,,,,,,,,,,,,,,,,,,,,
4/10/1999,,,8.9,,,,,,,,,,,,,,,,,,,,,
4/10/1999,,,10.6,,,,,,,,,,,,,,,,,,,,,
4/10/1999,,,12.2,,,,,,,,,,,,,,,,,,,,,
4/10/1999,,,13.9,,,,,,,,,,,,,,,,,,,,,
4/10/1999,,,15.6,,,,,,,,,,,,,,,,,,,,,
4/10/1999,,,16.1,,,,,,,,,,,,,,,,,,,,,
4/10/1999,,,17.2,,,,,,,,,,,,,,,,,,,,,
4/10/1999,,,17.2,,,,,,,,,,,,,,,,,,,,,
4/10/1999,,,17.2,,,,,,,,,,,,,,,,,,,,,
4/10/1999,,,17.2,,,,,,,,,,,,,,,,,,,,,
4/10/1999,,,16.1,,,,,,,,,,,,,,,,,,,,,
4/10/1999,,,16.1,,,,,,,,,,,,,,,,,,,,,
4/10/1999,,,14.4,,,,,,,,,,,,,,,,,,,,,
4/10/1999,,,14.4,,,,,,,,,,,,,,,,,,,,,
4/10/1999,,,13.9,,,,,,,,,,,,,,,,,,,,,
4/10/1999,,,10.6,,,,,,,,,,,,,,,,,,,,,
4/11/1999,,,11,,,,,,,,,,,,,,,,,,,,,
4/11/1999,,,8.9,,,,,,,,,,,,,,,,,,,,,
4/11/1999,,,7.8,,,,,,,,,,,,,,,,,,,,,
4/11/1999,,,7.2,,,,,,,,,,,,,,,,,,,,,
4/11/1999,,,7.2,,,,,,,,,,,,,,,,,,,,,
4/11/1999,,,7.2,,,,,,,,,,,,,,,,,,,,,
4/11/1999,,,6.7,,,,,,,,,,,,,,,,,,,,,
4/11/1999,,,11.1,,,,,,,,,,,,,,,,,,,,,
4/11/1999,,,13.3,,,,,,,,,,,,,,,,,,,,,
4/11/1999,,,13.9,,,,,,,,,,,,,,,,,,,,,
4/11/1999,,,14.4,,,,,,,,,,,,,,,,,,,,,
4/11/1999,,,13.9,,,,,,,,,,,,,,,,,,,,,
4/11/1999,,,13.9,,,,,,,,,,,,,,,,,,,,,
4/11/1999,,,13.9,,,,,,,,,,,,,,,,,,,,,
4/11/1999,,,10.6,,,,,,,,,,,,,,,,,,,,,
4/11/1999,,,8.9,,,,,,,,,,,,,,,,,,,,,
4/11/1999,,,9.4,,,,,,,,,,,,,,,,,,,,,
4/11/1999,,,9.4,,,,,,,,,,,,,,,,,,,,,
4/11/1999,,,9.4,,,,,,,,,,,,,,,,,,,,,
4/11/1999,,,8.9,,,,,,,,,,,,,,,,,,,,,
4/11/1999,,,8.3,,,,,,,,,,,,,,,,,,,,,
4/11/1999,,,7.8,,,,,,,,,,,,,,,,,,,,,
4/11/1999,,,7,,,,,,,,,,,,,,,,,,,,,
4/11/1999,,,6.1,,,,,,,,,,,,,,,,,,,,,
4/12/1999,,,6.1,,,,,,,,,,,,,,,,,,,,,
4/12/1999,,,5.6,,,,,,,,,,,,,,,,,,,,,
4/12/1999,,,6.1,,,,,,,,,,,,,,,,,,,,,
4/12/1999,,,5.6,,,,,,,,,,,,,,,,,,,,,
4/12/1999,,,5.6,,,,,,,,,,,,,,,,,,,,,
4/12/1999,,,5,,,,,,,,,,,,,,,,,,,,,
4/12/1999,,,5,,,,,,,,,,,,,,,,,,,,,
4/12/1999,,,5.6,,,,,,,,,,,,,,,,,,,,,
4/12/1999,,,7.8,,,,,,,,,,,,,,,,,,,,,
4/12/1999,,,8.9,,,,,,,,,,,,,,,,,,,,,
4/12/1999,,,10,,,,,,,,,,,,,,,,,,,,,
4/12/1999,,,10.6,,,,,,,,,,,,,,,,,,,,,
4/12/1999,,,11.7,,,,,,,,,,,,,,,,,,,,,
4/12/1999,,,12.8,,,,,,,,,,,,,,,,,,,,,
4/12/1999,,,12.2,,,,,,,,,,,,,,,,,,,,,
4/12/1999,,,12.8,,,,,,,,,,,,,,,,,,,,,
4/12/1999,,,12.8,,,,,,,,,,,,,,,,,,,,,
4/12/1999,,,12.8,,,,,,,,,,,,,,,,,,,,,
4/12/1999,,,11.7,,,,,,,,,,,,,,,,,,,,,
4/12/1999,,,9.4,,,,,,,,,,,,,,,,,,,,,
4/12/1999,,,8.9,,,,,,,,,,,,,,,,,,,,,
4/12/1999,,,8.3,,,,,,,,,,,,,,,,,,,,,
4/12/1999,,,7.2,,,,,,,,,,,,,,,,,,,,,
4/12/1999,,,6.7,,,,,,,,,,,,,,,,,,,,,
4/13/1999,,,6.1,,,,,,,,,,,,,,,,,,,,,
4/13/1999,,,6.1,,,,,,,,,,,,,,,,,,,,,
4/13/1999,,,4.4,,,,,,,,,,,,,,,,,,,,,
4/13/1999,,,4.4,,,,,,,,,,,,,,,,,,,,,
4/13/1999,,,3.9,,,,,,,,,,,,,,,,,,,,,
4/13/1999,,,4,,,,,,,,,,,,,,,,,,,,,
4/13/1999,,,2.8,,,,,,,,,,,,,,,,,,,,,
4/13/1999,,,4.4,,,,,,,,,,,,,,,,,,,,,
4/13/1999,,,9.4,,,,,,,,,,,,,,,,,,,,,
4/13/1999,,,11.1,,,,,,,,,,,,,,,,,,,,,
4/13/1999,,,11.7,,,,,,,,,,,,,,,,,,,,,
4/13/1999,,,12.8,,,,,,,,,,,,,,,,,,,,,
4/13/1999,,,13.3,,,,,,,,,,,,,,,,,,,,,
4/13/1999,,,14.4,,,,,,,,,,,,,,,,,,,,,
4/13/1999,,,15,,,,,,,,,,,,,,,,,,,,,
4/13/1999,,,15.6,,,,,,,,,,,,,,,,,,,,,
4/13/1999,,,16.1,,,,,,,,,,,,,,,,,,,,,
4/13/1999,,,15.6,,,,,,,,,,,,,,,,,,,,,
4/13/1999,,,13.9,,,,,,,,,,,,,,,,,,,,,
4/13/1999,,,11.1,,,,,,,,,,,,,,,,,,,,,
4/13/1999,,,8.9,,,,,,,,,,,,,,,,,,,,,
4/13/1999,,,10.6,,,,,,,,,,,,,,,,,,,,,
4/13/1999,,,10,,,,,,,,,,,,,,,,,,,,,
4/13/1999,,,7.2,,,,,,,,,,,,,,,,,,,,,
4/14/1999,,,5.6,,,,,,,,,,,,,,,,,,,,,
4/14/1999,,,5,,,,,,,,,,,,,,,,,,,,,
4/14/1999,,,5.6,,,,,,,,,,,,,,,,,,,,,
4/14/1999,,,3.9,,,,,,,,,,,,,,,,,,,,,
4/14/1999,,,3.3,,,,,,,,,,,,,,,,,,,,,
4/14/1999,,,3.9,,,,,,,,,,,,,,,,,,,,,
4/14/1999,,,2.8,,,,,,,,,,,,,,,,,,,,,
4/14/1999,,,6.1,,,,,,,,,,,,,,,,,,,,,
4/14/1999,,,10,,,,,,,,,,,,,,,,,,,,,
4/14/1999,,,12.8,,,,,,,,,,,,,,,,,,,,,
4/14/1999,,,15.6,,,,,,,,,,,,,,,,,,,,,
4/14/1999,,,16.1,,,,,,,,,,,,,,,,,,,,,
4/14/1999,,,16.7,,,,,,,,,,,,,,,,,,,,,
4/14/1999,,,17.2,,,,,,,,,,,,,,,,,,,,,
4/14/1999,,,17.2,,,,,,,,,,,,,,,,,,,,,
4/14/1999,,,17.2,,,,,,,,,,,,,,,,,,,,,
4/14/1999,,,17.2,,,,,,,,,,,,,,,,,,,,,
4/14/1999,,,16.7,,,,,,,,,,,,,,,,,,,,,
4/14/1999,,,14.4,,,,,,,,,,,,,,,,,,,,,
4/14/1999,,,13.9,,,,,,,,,,,,,,,,,,,,,
4/14/1999,,,12.2,,,,,,,,,,,,,,,,,,,,,
4/14/1999,,,12.8,,,,,,,,,,,,,,,,,,,,,
4/14/1999,,,12.2,,,,,,,,,,,,,,,,,,,,,
4/14/1999,,,12.8,,,,,,,,,,,,,,,,,,,,,
4/15/1999,,,12.8,,,,,,,,,,,,,,,,,,,,,
4/15/1999,,,11.7,,,,,,,,,,,,,,,,,,,,,
4/15/1999,,,11.1,,,,,,,,,,,,,,,,,,,,,
4/15/1999,,,10.6,,,,,,,,,,,,,,,,,,,,,
4/15/1999,,,10,,,,,,,,,,,,,,,,,,,,,
4/15/1999,,,8.9,,,,,,,,,,,,,,,,,,,,,
4/15/1999,,,8.3,,,,,,,,,,,,,,,,,,,,,
4/15/1999,,,8.9,,,,,,,,,,,,,,,,,,,,,
4/15/1999,,,8.3,,,,,,,,,,,,,,,,,,,,,
4/15/1999,,,8.9,,,,,,,,,,,,,,,,,,,,,
4/15/1999,,,8.9,,,,,,,,,,,,,,,,,,,,,
4/15/1999,,,9.4,,,,,,,,,,,,,,,,,,,,,
4/15/1999,,,9.4,,,,,,,,,,,,,,,,,,,,,
4/15/1999,,,10,,,,,,,,,,,,,,,,,,,,,
4/15/1999,,,10,,,,,,,,,,,,,,,,,,,,,
4/15/1999,,,10.6,,,,,,,,,,,,,,,,,,,,,
4/15/1999,,,10.6,,,,,,,,,,,,,,,,,,,,,
4/15/1999,,,11.1,,,,,,,,,,,,,,,,,,,,,
4/15/1999,,,11.7,,,,,,,,,,,,,,,,,,,,,
4/15/1999,,,10.6,,,,,,,,,,,,,,,,,,,,,
4/15/1999,,,10,,,,,,,,,,,,,,,,,,,,,
4/15/1999,,,9.4,,,,,,,,,,,,,,,,,,,,,
4/15/1999,,,8.9,,,,,,,,,,,,,,,,,,,,,
4/15/1999,,,8.3,,,,,,,,,,,,,,,,,,,,,
4/16/1999,,,8.3,,,,,,,,,,,,,,,,,,,,,
4/16/1999,,,6.7,,,,,,,,,,,,,,,,,,,,,
4/16/1999,,,5.6,,,,,,,,,,,,,,,,,,,,,
4/16/1999,,,4.4,,,,,,,,,,,,,,,,,,,,,
4/16/1999,,,3.9,,,,,,,,,,,,,,,,,,,,,
4/16/1999,,,3.3,,,,,,,,,,,,,,,,,,,,,
4/16/1999,,,2,,,,,,,,,,,,,,,,,,,,,
4/16/1999,,,2.2,,,,,,,,,,,,,,,,,,,,,
4/16/1999,,,3,,,,,,,,,,,,,,,,,,,,,
4/16/1999,,,3.3,,,,,,,,,,,,,,,,,,,,,
4/16/1999,,,4.4,,,,,,,,,,,,,,,,,,,,,
4/16/1999,,,5,,,,,,,,,,,,,,,,,,,,,
4/16/1999,,,5,,,,,,,,,,,,,,,,,,,,,
4/16/1999,,,5.6,,,,,,,,,,,,,,,,,,,,,
4/16/1999,,,5.6,,,,,,,,,,,,,,,,,,,,,
4/16/1999,,,5,,,,,,,,,,,,,,,,,,,,,
4/16/1999,,,5,,,,,,,,,,,,,,,,,,,,,
4/16/1999,,,4.4,,,,,,,,,,,,,,,,,,,,,
4/16/1999,,,4.4,,,,,,,,,,,,,,,,,,,,,
4/16/1999,,,4.4,,,,,,,,,,,,,,,,,,,,,
4/16/1999,,,4.4,,,,,,,,,,,,,,,,,,,,,
4/16/1999,,,3.9,,,,,,,,,,,,,,,,,,,,,
4/16/1999,,,3.9,,,,,,,,,,,,,,,,,,,,,
4/16/1999,,,4,,,,,,,,,,,,,,,,,,,,,
4/17/1999,,,3.9,,,,,,,,,,,,,,,,,,,,,
4/17/1999,,,3.9,,,,,,,,,,,,,,,,,,,,,
4/17/1999,,,3.9,,,,,,,,,,,,,,,,,,,,,
4/17/1999,,,3.9,,,,,,,,,,,,,,,,,,,,,
4/17/1999,,,3.9,,,,,,,,,,,,,,,,,,,,,
4/17/1999,,,3.9,,,,,,,,,,,,,,,,,,,,,
4/17/1999,,,3.9,,,,,,,,,,,,,,,,,,,,,
4/17/1999,,,4.4,,,,,,,,,,,,,,,,,,,,,
4/17/1999,,,7,,,,,,,,,,,,,,,,,,,,,
4/17/1999,,,6.7,,,,,,,,,,,,,,,,,,,,,
4/17/1999,,,8.3,,,,,,,,,,,,,,,,,,,,,
4/17/1999,,,8.3,,,,,,,,,,,,,,,,,,,,,
4/17/1999,,,8.3,,,,,,,,,,,,,,,,,,,,,
4/17/1999,,,7.8,,,,,,,,,,,,,,,,,,,,,
4/17/1999,,,7.8,,,,,,,,,,,,,,,,,,,,,
4/17/1999,,,7.2,,,,,,,,,,,,,,,,,,,,,
4/17/1999,,,7.8,,,,,,,,,,,,,,,,,,,,,
4/17/1999,,,7.8,,,,,,,,,,,,,,,,,,,,,
4/17/1999,,,6.7,,,,,,,,,,,,,,,,,,,,,
4/17/1999,,,6.7,,,,,,,,,,,,,,,,,,,,,
4/17/1999,,,6.7,,,,,,,,,,,,,,,,,,,,,
4/17/1999,,,6.7,,,,,,,,,,,,,,,,,,,,,
4/17/1999,,,6.7,,,,,,,,,,,,,,,,,,,,,
4/17/1999,,,6.7,,,,,,,,,,,,,,,,,,,,,
4/18/1999,,,6.7,,,,,,,,,,,,,,,,,,,,,
4/18/1999,,,6.7,,,,,,,,,,,,,,,,,,,,,
4/18/1999,,,6.7,,,,,,,,,,,,,,,,,,,,,
4/18/1999,,,7.2,,,,,,,,,,,,,,,,,,,,,
4/18/1999,,,7.2,,,,,,,,,,,,,,,,,,,,,
4/18/1999,,,7.2,,,,,,,,,,,,,,,,,,,,,
4/18/1999,,,7.2,,,,,,,,,,,,,,,,,,,,,
4/18/1999,,,7.2,,,,,,,,,,,,,,,,,,,,,
4/18/1999,,,7.8,,,,,,,,,,,,,,,,,,,,,
4/18/1999,,,8.3,,,,,,,,,,,,,,,,,,,,,
4/18/1999,,,10,,,,,,,,,,,,,,,,,,,,,
4/18/1999,,,9.4,,,,,,,,,,,,,,,,,,,,,
4/18/1999,,,7,,,,,,,,,,,,,,,,,,,,,
4/18/1999,,,8.3,,,,,,,,,,,,,,,,,,,,,
4/18/1999,,,8.9,,,,,,,,,,,,,,,,,,,,,
4/18/1999,,,8.9,,,,,,,,,,,,,,,,,,,,,
4/18/1999,,,8.9,,,,,,,,,,,,,,,,,,,,,
4/18/1999,,,8.9,,,,,,,,,,,,,,,,,,,,,
4/18/1999,,,8.9,,,,,,,,,,,,,,,,,,,,,
4/18/1999,,,7.2,,,,,,,,,,,,,,,,,,,,,
4/18/1999,,,6.1,,,,,,,,,,,,,,,,,,,,,
4/18/1999,,,6.7,,,,,,,,,,,,,,,,,,,,,
4/18/1999,,,5.6,,,,,,,,,,,,,,,,,,,,,
4/18/1999,,,5.6,,,,,,,,,,,,,,,,,,,,,
4/19/1999,,,5,,,,,,,,,,,,,,,,,,,,,
4/19/1999,,,4.4,,,,,,,,,,,,,,,,,,,,,
4/19/1999,,,3.9,,,,,,,,,,,,,,,,,,,,,
4/19/1999,,,3.9,,,,,,,,,,,,,,,,,,,,,
4/19/1999,,,2.8,,,,,,,,,,,,,,,,,,,,,
4/19/1999,,,2.8,,,,,,,,,,,,,,,,,,,,,
4/19/1999,,,3.3,,,,,,,,,,,,,,,,,,,,,
4/19/1999,,,6.7,,,,,,,,,,,,,,,,,,,,,
4/19/1999,,,9.4,,,,,,,,,,,,,,,,,,,,,
4/19/1999,,,11.1,,,,,,,,,,,,,,,,,,,,,
4/19/1999,,,12.2,,,,,,,,,,,,,,,,,,,,,
4/19/1999,,,13.3,,,,,,,,,,,,,,,,,,,,,
4/19/1999,,,12.8,,,,,,,,,,,,,,,,,,,,,
4/19/1999,,,14.4,,,,,,,,,,,,,,,,,,,,,
4/19/1999,,,15.6,,,,,,,,,,,,,,,,,,,,,
4/19/1999,,,16.7,,,,,,,,,,,,,,,,,,,,,
4/19/1999,,,15.6,,,,,,,,,,,,,,,,,,,,,
4/19/1999,,,14.4,,,,,,,,,,,,,,,,,,,,,
4/19/1999,,,13.3,,,,,,,,,,,,,,,,,,,,,
4/19/1999,,,11.7,,,,,,,,,,,,,,,,,,,,,
4/19/1999,,,11.7,,,,,,,,,,,,,,,,,,,,,
4/19/1999,,,10,,,,,,,,,,,,,,,,,,,,,
4/19/1999,,,9.4,,,,,,,,,,,,,,,,,,,,,
4/19/1999,,,7.2,,,,,,,,,,,,,,,,,,,,,
4/20/1999,,,6.7,,,,,,,,,,,,,,,,,,,,,
4/20/1999,,,6.1,,,,,,,,,,,,,,,,,,,,,
4/20/1999,,,5.6,,,,,,,,,,,,,,,,,,,,,
4/20/1999,,,2.8,,,,,,,,,,,,,,,,,,,,,
4/20/1999,,,2.8,,,,,,,,,,,,,,,,,,,,,
4/20/1999,,,2.2,,,,,,,,,,,,,,,,,,,,,
4/20/1999,,,2.2,,,,,,,,,,,,,,,,,,,,,
4/20/1999,,,6.1,,,,,,,,,,,,,,,,,,,,,
4/20/1999,,,8.9,,,,,,,,,,,,,,,,,,,,,
4/20/1999,,,10.6,,,,,,,,,,,,,,,,,,,,,
4/20/1999,,,11.7,,,,,,,,,,,,,,,,,,,,,
4/20/1999,,,12.8,,,,,,,,,,,,,,,,,,,,,
4/20/1999,,,14.4,,,,,,,,,,,,,,,,,,,,,
4/20/1999,,,15,,,,,,,,,,,,,,,,,,,,,
4/20/1999,,,15.6,,,,,,,,,,,,,,,,,,,,,
4/20/1999,,,16.1,,,,,,,,,,,,,,,,,,,,,
4/20/1999,,,15.6,,,,,,,,,,,,,,,,,,,,,
4/20/1999,,,15.6,,,,,,,,,,,,,,,,,,,,,
4/20/1999,,,15.6,,,,,,,,,,,,,,,,,,,,,
4/20/1999,,,12.8,,,,,,,,,,,,,,,,,,,,,
4/20/1999,,,11.7,,,,,,,,,,,,,,,,,,,,,
4/20/1999,,,11.1,,,,,,,,,,,,,,,,,,,,,
4/20/1999,,,11.1,,,,,,,,,,,,,,,,,,,,,
4/20/1999,,,11.1,,,,,,,,,,,,,,,,,,,,,
4/21/1999,,,11.1,,,,,,,,,,,,,,,,,,,,,
4/21/1999,,,11.1,,,,,,,,,,,,,,,,,,,,,
4/21/1999,,,12,,,,,,,,,,,,,,,,,,,,,
4/21/1999,,,12,,,,,,,,,,,,,,,,,,,,,
4/21/1999,,,11.1,,,,,,,,,,,,,,,,,,,,,
4/21/1999,,,11.1,,,,,,,,,,,,,,,,,,,,,
4/21/1999,,,11.1,,,,,,,,,,,,,,,,,,,,,
4/21/1999,,,11.7,,,,,,,,,,,,,,,,,,,,,
4/21/1999,,,15,,,,,,,,,,,,,,,,,,,,,
4/21/1999,,,17.2,,,,,,,,,,,,,,,,,,,,,
4/21/1999,,,16.7,,,,,,,,,,,,,,,,,,,,,
4/21/1999,,,18.3,,,,,,,,,,,,,,,,,,,,,
4/21/1999,,,21.1,,,,,,,,,,,,,,,,,,,,,
4/21/1999,,,22.2,,,,,,,,,,,,,,,,,,,,,
4/21/1999,,,22.8,,,,,,,,,,,,,,,,,,,,,
4/21/1999,,,23.3,,,,,,,,,,,,,,,,,,,,,
4/21/1999,,,22.8,,,,,,,,,,,,,,,,,,,,,
4/21/1999,,,20.6,,,,,,,,,,,,,,,,,,,,,
4/21/1999,,,20.6,,,,,,,,,,,,,,,,,,,,,
4/21/1999,,,19.4,,,,,,,,,,,,,,,,,,,,,
4/21/1999,,,18.9,,,,,,,,,,,,,,,,,,,,,
4/21/1999,,,19.4,,,,,,,,,,,,,,,,,,,,,
4/21/1999,,,18.9,,,,,,,,,,,,,,,,,,,,,
4/21/1999,,,18.3,,,,,,,,,,,,,,,,,,,,,
4/22/1999,,,18.9,,,,,,,,,,,,,,,,,,,,,
4/22/1999,,,18.9,,,,,,,,,,,,,,,,,,,,,
4/22/1999,,,17.8,,,,,,,,,,,,,,,,,,,,,
4/22/1999,,,17.8,,,,,,,,,,,,,,,,,,,,,
4/22/1999,,,17.2,,,,,,,,,,,,,,,,,,,,,
4/22/1999,,,17.2,,,,,,,,,,,,,,,,,,,,,
4/22/1999,,,17.8,,,,,,,,,,,,,,,,,,,,,
4/22/1999,,,18.9,,,,,,,,,,,,,,,,,,,,,
4/22/1999,,,19.4,,,,,,,,,,,,,,,,,,,,,
4/22/1999,,,20,,,,,,,,,,,,,,,,,,,,,
4/22/1999,,,21.7,,,,,,,,,,,,,,,,,,,,,
4/22/1999,,,22.8,,,,,,,,,,,,,,,,,,,,,
4/22/1999,,,22.8,,,,,,,,,,,,,,,,,,,,,
4/22/1999,,,23.3,,,,,,,,,,,,,,,,,,,,,
4/22/1999,,,23.9,,,,,,,,,,,,,,,,,,,,,
4/22/1999,,,23.3,,,,,,,,,,,,,,,,,,,,,
4/22/1999,,,22.8,,,,,,,,,,,,,,,,,,,,,
4/22/1999,,,22.2,,,,,,,,,,,,,,,,,,,,,
4/22/1999,,,22.2,,,,,,,,,,,,,,,,,,,,,
4/22/1999,,,21.1,,,,,,,,,,,,,,,,,,,,,
4/22/1999,,,20,,,,,,,,,,,,,,,,,,,,,
4/22/1999,,,20,,,,,,,,,,,,,,,,,,,,,
4/22/1999,,,20,,,,,,,,,,,,,,,,,,,,,
4/22/1999,,,17.8,,,,,,,,,,,,,,,,,,,,,
4/23/1999,,,17.8,,,,,,,,,,,,,,,,,,,,,
4/23/1999,,,18.9,,,,,,,,,,,,,,,,,,,,,
4/23/1999,,,18.9,,,,,,,,,,,,,,,,,,,,,
4/23/1999,,,19.4,,,,,,,,,,,,,,,,,,,,,
4/23/1999,,,20,,,,,,,,,,,,,,,,,,,,,
4/23/1999,,,18.9,,,,,,,,,,,,,,,,,,,,,
4/23/1999,,,16.1,,,,,,,,,,,,,,,,,,,,,
4/23/1999,,,14.4,,,,,,,,,,,,,,,,,,,,,
4/23/1999,,,11.7,,,,,,,,,,,,,,,,,,,,,
4/23/1999,,,11,,,,,,,,,,,,,,,,,,,,,
4/23/1999,,,10.6,,,,,,,,,,,,,,,,,,,,,
4/23/1999,,,9.4,,,,,,,,,,,,,,,,,,,,,
4/23/1999,,,8.9,,,,,,,,,,,,,,,,,,,,,
4/23/1999,,,9,,,,,,,,,,,,,,,,,,,,,
4/23/1999,,,8.9,,,,,,,,,,,,,,,,,,,,,
4/23/1999,,,9.4,,,,,,,,,,,,,,,,,,,,,
4/23/1999,,,10.6,,,,,,,,,,,,,,,,,,,,,
4/23/1999,,,10,,,,,,,,,,,,,,,,,,,,,
4/23/1999,,,10,,,,,,,,,,,,,,,,,,,,,
4/23/1999,,,10,,,,,,,,,,,,,,,,,,,,,
4/23/1999,,,9.4,,,,,,,,,,,,,,,,,,,,,
4/23/1999,,,9.4,,,,,,,,,,,,,,,,,,,,,
4/23/1999,,,8.3,,,,,,,,,,,,,,,,,,,,,
4/23/1999,,,7.2,,,,,,,,,,,,,,,,,,,,,
4/24/1999,,,6.1,,,,,,,,,,,,,,,,,,,,,
4/24/1999,,,5.6,,,,,,,,,,,,,,,,,,,,,
4/24/1999,,,5,,,,,,,,,,,,,,,,,,,,,
4/24/1999,,,3.9,,,,,,,,,,,,,,,,,,,,,
4/24/1999,,,3.9,,,,,,,,,,,,,,,,,,,,,
4/24/1999,,,3.3,,,,,,,,,,,,,,,,,,,,,
4/24/1999,,,3.9,,,,,,,,,,,,,,,,,,,,,
4/24/1999,,,5,,,,,,,,,,,,,,,,,,,,,
4/24/1999,,,6.7,,,,,,,,,,,,,,,,,,,,,
4/24/1999,,,8.9,,,,,,,,,,,,,,,,,,,,,
4/24/1999,,,10,,,,,,,,,,,,,,,,,,,,,
4/24/1999,,,11.7,,,,,,,,,,,,,,,,,,,,,
4/24/1999,,,12.8,,,,,,,,,,,,,,,,,,,,,
4/24/1999,,,13.3,,,,,,,,,,,,,,,,,,,,,
4/24/1999,,,14.4,,,,,,,,,,,,,,,,,,,,,
4/24/1999,,,14.4,,,,,,,,,,,,,,,,,,,,,
4/24/1999,,,14.4,,,,,,,,,,,,,,,,,,,,,
4/24/1999,,,13.9,,,,,,,,,,,,,,,,,,,,,
4/24/1999,,,12.8,,,,,,,,,,,,,,,,,,,,,
4/24/1999,,,10.6,,,,,,,,,,,,,,,,,,,,,
4/24/1999,,,9.4,,,,,,,,,,,,,,,,,,,,,
4/24/1999,,,8.3,,,,,,,,,,,,,,,,,,,,,
4/24/1999,,,7.2,,,,,,,,,,,,,,,,,,,,,
4/24/1999,,,6.1,,,,,,,,,,,,,,,,,,,,,
4/25/1999,,,5,,,,,,,,,,,,,,,,,,,,,
4/25/1999,,,5.6,,,,,,,,,,,,,,,,,,,,,
4/25/1999,,,3.3,,,,,,,,,,,,,,,,,,,,,
4/25/1999,,,3.9,,,,,,,,,,,,,,,,,,,,,
4/25/1999,,,3.9,,,,,,,,,,,,,,,,,,,,,
4/25/1999,,,2.2,,,,,,,,,,,,,,,,,,,,,
4/25/1999,,,3.9,,,,,,,,,,,,,,,,,,,,,
4/25/1999,,,7.2,,,,,,,,,,,,,,,,,,,,,
4/25/1999,,,9.4,,,,,,,,,,,,,,,,,,,,,
4/25/1999,,,11.1,,,,,,,,,,,,,,,,,,,,,
4/25/1999,,,12.2,,,,,,,,,,,,,,,,,,,,,
4/25/1999,,,13.3,,,,,,,,,,,,,,,,,,,,,
4/25/1999,,,14.4,,,,,,,,,,,,,,,,,,,,,
4/25/1999,,,15,,,,,,,,,,,,,,,,,,,,,
4/25/1999,,,16.1,,,,,,,,,,,,,,,,,,,,,
4/25/1999,,,16.7,,,,,,,,,,,,,,,,,,,,,
4/25/1999,,,16.7,,,,,,,,,,,,,,,,,,,,,
4/25/1999,,,16.1,,,,,,,,,,,,,,,,,,,,,
4/25/1999,,,14.4,,,,,,,,,,,,,,,,,,,,,
4/25/1999,,,13.3,,,,,,,,,,,,,,,,,,,,,
4/25/1999,,,11.7,,,,,,,,,,,,,,,,,,,,,
4/25/1999,,,10.6,,,,,,,,,,,,,,,,,,,,,
4/25/1999,,,10.6,,,,,,,,,,,,,,,,,,,,,
4/25/1999,,,10.6,,,,,,,,,,,,,,,,,,,,,
4/26/1999,,,10,,,,,,,,,,,,,,,,,,,,,
4/26/1999,,,10,,,,,,,,,,,,,,,,,,,,,
4/26/1999,,,8.9,,,,,,,,,,,,,,,,,,,,,
4/26/1999,,,8.9,,,,,,,,,,,,,,,,,,,,,
4/26/1999,,,8.3,,,,,,,,,,,,,,,,,,,,,
4/26/1999,,,9.4,,,,,,,,,,,,,,,,,,,,,
4/26/1999,,,10,,,,,,,,,,,,,,,,,,,,,
4/26/1999,,,11.1,,,,,,,,,,,,,,,,,,,,,
4/26/1999,,,12.2,,,,,,,,,,,,,,,,,,,,,
4/26/1999,,,13.3,,,,,,,,,,,,,,,,,,,,,
4/26/1999,,,14.4,,,,,,,,,,,,,,,,,,,,,
4/26/1999,,,15.6,,,,,,,,,,,,,,,,,,,,,
4/26/1999,,,16.7,,,,,,,,,,,,,,,,,,,,,
4/26/1999,,,17.8,,,,,,,,,,,,,,,,,,,,,
4/26/1999,,,18.3,,,,,,,,,,,,,,,,,,,,,
4/26/1999,,,18.3,,,,,,,,,,,,,,,,,,,,,
4/26/1999,,,19.4,,,,,,,,,,,,,,,,,,,,,
4/26/1999,,,19.4,,,,,,,,,,,,,,,,,,,,,
4/26/1999,,,17.2,,,,,,,,,,,,,,,,,,,,,
4/26/1999,,,16.1,,,,,,,,,,,,,,,,,,,,,
4/26/1999,,,15.6,,,,,,,,,,,,,,,,,,,,,
4/26/1999,,,14.4,,,,,,,,,,,,,,,,,,,,,
4/26/1999,,,14.4,,,,,,,,,,,,,,,,,,,,,
4/26/1999,,,14.4,,,,,,,,,,,,,,,,,,,,,
4/27/1999,,,13.9,,,,,,,,,,,,,,,,,,,,,
4/27/1999,,,13.9,,,,,,,,,,,,,,,,,,,,,
4/27/1999,,,14.4,,,,,,,,,,,,,,,,,,,,,
4/27/1999,,,13.9,,,,,,,,,,,,,,,,,,,,,
4/27/1999,,,13.3,,,,,,,,,,,,,,,,,,,,,
4/27/1999,,,14,,,,,,,,,,,,,,,,,,,,,
4/27/1999,,,13.9,,,,,,,,,,,,,,,,,,,,,
4/27/1999,,,12.8,,,,,,,,,,,,,,,,,,,,,
4/27/1999,,,12.2,,,,,,,,,,,,,,,,,,,,,
4/27/1999,,,13.3,,,,,,,,,,,,,,,,,,,,,
4/27/1999,,,13.3,,,,,,,,,,,,,,,,,,,,,
4/27/1999,,,13.3,,,,,,,,,,,,,,,,,,,,,
4/27/1999,,,13.3,,,,,,,,,,,,,,,,,,,,,
4/27/1999,,,13.3,,,,,,,,,,,,,,,,,,,,,
4/27/1999,,,12.2,,,,,,,,,,,,,,,,,,,,,
4/27/1999,,,11.7,,,,,,,,,,,,,,,,,,,,,
4/27/1999,,,12.8,,,,,,,,,,,,,,,,,,,,,
4/27/1999,,,12.2,,,,,,,,,,,,,,,,,,,,,
4/27/1999,,,11.7,,,,,,,,,,,,,,,,,,,,,
4/27/1999,,,11.1,,,,,,,,,,,,,,,,,,,,,
4/27/1999,,,10.6,,,,,,,,,,,,,,,,,,,,,
4/27/1999,,,9.4,,,,,,,,,,,,,,,,,,,,,
4/27/1999,,,8.9,,,,,,,,,,,,,,,,,,,,,
4/27/1999,,,8.9,,,,,,,,,,,,,,,,,,,,,
4/28/1999,,,8.9,,,,,,,,,,,,,,,,,,,,,
4/28/1999,,,8.9,,,,,,,,,,,,,,,,,,,,,
4/28/1999,,,8.9,,,,,,,,,,,,,,,,,,,,,
4/28/1999,,,8.9,,,,,,,,,,,,,,,,,,,,,
4/28/1999,,,8.9,,,,,,,,,,,,,,,,,,,,,
4/28/1999,,,8.3,,,,,,,,,,,,,,,,,,,,,
4/28/1999,,,8.3,,,,,,,,,,,,,,,,,,,,,
4/28/1999,,,8.9,,,,,,,,,,,,,,,,,,,,,
4/28/1999,,,8.9,,,,,,,,,,,,,,,,,,,,,
4/28/1999,,,10,,,,,,,,,,,,,,,,,,,,,
4/28/1999,,,10,,,,,,,,,,,,,,,,,,,,,
4/28/1999,,,10.6,,,,,,,,,,,,,,,,,,,,,
4/28/1999,,,11.7,,,,,,,,,,,,,,,,,,,,,
4/28/1999,,,11.7,,,,,,,,,,,,,,,,,,,,,
4/28/1999,,,12.2,,,,,,,,,,,,,,,,,,,,,
4/28/1999,,,13.3,,,,,,,,,,,,,,,,,,,,,
4/28/1999,,,13.9,,,,,,,,,,,,,,,,,,,,,
4/28/1999,,,13.3,,,,,,,,,,,,,,,,,,,,,
4/28/1999,,,14.4,,,,,,,,,,,,,,,,,,,,,
4/28/1999,,,14.4,,,,,,,,,,,,,,,,,,,,,
4/28/1999,,,13.9,,,,,,,,,,,,,,,,,,,,,
4/28/1999,,,13.3,,,,,,,,,,,,,,,,,,,,,
4/28/1999,,,12.2,,,,,,,,,,,,,,,,,,,,,
4/28/1999,,,11.1,,,,,,,,,,,,,,,,,,,,,
4/29/1999,,,10.6,,,,,,,,,,,,,,,,,,,,,
4/29/1999,,,9.4,,,,,,,,,,,,,,,,,,,,,
4/29/1999,,,9.4,,,,,,,,,,,,,,,,,,,,,
4/29/1999,,,8.9,,,,,,,,,,,,,,,,,,,,,
4/29/1999,,,8.3,,,,,,,,,,,,,,,,,,,,,
4/29/1999,,,7.8,,,,,,,,,,,,,,,,,,,,,
4/29/1999,,,8.3,,,,,,,,,,,,,,,,,,,,,
4/29/1999,,,9.4,,,,,,,,,,,,,,,,,,,,,
4/29/1999,,,11.1,,,,,,,,,,,,,,,,,,,,,
4/29/1999,,,12.8,,,,,,,,,,,,,,,,,,,,,
4/29/1999,,,14.4,,,,,,,,,,,,,,,,,,,,,
4/29/1999,,,16.7,,,,,,,,,,,,,,,,,,,,,
4/29/1999,,,17.2,,,,,,,,,,,,,,,,,,,,,
4/29/1999,,,18.3,,,,,,,,,,,,,,,,,,,,,
4/29/1999,,,18.3,,,,,,,,,,,,,,,,,,,,,
4/29/1999,,,18.9,,,,,,,,,,,,,,,,,,,,,
4/29/1999,,,18.3,,,,,,,,,,,,,,,,,,,,,
4/29/1999,,,17.8,,,,,,,,,,,,,,,,,,,,,
4/29/1999,,,16.7,,,,,,,,,,,,,,,,,,,,,
4/29/1999,,,14.4,,,,,,,,,,,,,,,,,,,,,
4/29/1999,,,12.8,,,,,,,,,,,,,,,,,,,,,
4/29/1999,,,10.6,,,,,,,,,,,,,,,,,,,,,
4/29/1999,,,10,,,,,,,,,,,,,,,,,,,,,
4/29/1999,,,10.6,,,,,,,,,,,,,,,,,,,,,
4/30/1999,,,8.3,,,,,,,,,,,,,,,,,,,,,
4/30/1999,,,8.9,,,,,,,,,,,,,,,,,,,,,
4/30/1999,,,7.8,,,,,,,,,,,,,,,,,,,,,
4/30/1999,,,7.8,,,,,,,,,,,,,,,,,,,,,
4/30/1999,,,7.2,,,,,,,,,,,,,,,,,,,,,
4/30/1999,,,5.6,,,,,,,,,,,,,,,,,,,,,
4/30/1999,,,7.8,,,,,,,,,,,,,,,,,,,,,
4/30/1999,,,10.6,,,,,,,,,,,,,,,,,,,,,
4/30/1999,,,12.8,,,,,,,,,,,,,,,,,,,,,
4/30/1999,,,15,,,,,,,,,,,,,,,,,,,,,
4/30/1999,,,16.1,,,,,,,,,,,,,,,,,,,,,
4/30/1999,,,17.8,,,,,,,,,,,,,,,,,,,,,
4/30/1999,,,18.9,,,,,,,,,,,,,,,,,,,,,
4/30/1999,,,19.4,,,,,,,,,,,,,,,,,,,,,
4/30/1999,,,20,,,,,,,,,,,,,,,,,,,,,
4/30/1999,,,20,,,,,,,,,,,,,,,,,,,,,
4/30/1999,,,20,,,,,,,,,,,,,,,,,,,,,
4/30/1999,,,20,,,,,,,,,,,,,,,,,,,,,
4/30/1999,,,18.9,,,,,,,,,,,,,,,,,,,,,
4/30/1999,,,16.1,,,,,,,,,,,,,,,,,,,,,
4/30/1999,,,14.4,,,,,,,,,,,,,,,,,,,,,
4/30/1999,,,13.6,,,,,,,,,,,,,,,,,,,,,
4/30/1999,,,12.7,,,,,,,,,,,,,,,,,,,,,
4/30/1999,,,11.9,,,,,,,,,,,,,,,,,,,,,
5/1/1996,,,11,,,,,,,,,,,,,,,,,,,,,
5/1/1996,,,10.2,,,,,,,,,,,,,,,,,,,,,
5/1/1996,,,9.3,,,,,,,,,,,,,,,,,,,,,
5/1/1996,,,8.5,,,,,,,,,,,,,,,,,,,,,
5/1/1996,,,8.3,,,,,,,,,,,,,,,,,,,,,
5/1/1996,,,7.7,,,,,,,,,,,,,,,,,,,,,
5/1/1996,,,8.3,,,,,,,,,,,,,,,,,,,,,
5/1/1996,,,10,,,,,,,,,,,,,,,,,,,,,
5/1/1996,,,12.2,,,,,,,,,,,,,,,,,,,,,
5/1/1996,,,13.3,,,,,,,,,,,,,,,,,,,,,
5/1/1996,,,13.8,,,,,,,,,,,,,,,,,,,,,
5/1/1996,,,15.5,,,,,,,,,,,,,,,,,,,,,
5/1/1996,,,16.6,,,,,,,,,,,,,,,,,,,,,
5/1/1996,,,17.2,,,,,,,,,,,,,,,,,,,,,
5/1/1996,,,17.7,,,,,,,,,,,,,,,,,,,,,
5/1/1996,,,17.7,,,,,,,,,,,,,,,,,,,,,
5/1/1996,,,18.3,,,,,,,,,,,,,,,,,,,,,
5/1/1996,,,17.7,,,,,,,,,,,,,,,,,,,,,
5/1/1996,,,16.6,,,,,,,,,,,,,,,,,,,,,
5/1/1996,,,13.8,,,,,,,,,,,,,,,,,,,,,
5/1/1996,,,11.6,,,,,,,,,,,,,,,,,,,,,
5/1/1996,,,10,,,,,,,,,,,,,,,,,,,,,
5/1/1996,,,7.7,,,,,,,,,,,,,,,,,,,,,
5/1/1996,,,6.6,,,,,,,,,,,,,,,,,,,,,
5/2/1996,,,5.5,,,,,,,,,,,,,,,,,,,,,
5/2/1996,,,4.4,,,,,,,,,,,,,,,,,,,,,
5/2/1996,,,5,,,,,,,,,,,,,,,,,,,,,
5/2/1996,,,5,,,,,,,,,,,,,,,,,,,,,
5/2/1996,,,3.3,,,,,,,,,,,,,,,,,,,,,
5/2/1996,,,2.2,,,,,,,,,,,,,,,,,,,,,
5/2/1996,,,5,,,,,,,,,,,,,,,,,,,,,
5/2/1996,,,8.8,,,,,,,,,,,,,,,,,,,,,
5/2/1996,,,12.2,,,,,,,,,,,,,,,,,,,,,
5/2/1996,,,15.5,,,,,,,,,,,,,,,,,,,,,
5/2/1996,,,17.2,,,,,,,,,,,,,,,,,,,,,
5/2/1996,,,18.8,,,,,,,,,,,,,,,,,,,,,
5/2/1996,,,18.8,,,,,,,,,,,,,,,,,,,,,
5/2/1996,,,18.8,,,,,,,,,,,,,,,,,,,,,
5/2/1996,,,19.4,,,,,,,,,,,,,,,,,,,,,
5/2/1996,,,18.3,,,,,,,,,,,,,,,,,,,,,
5/2/1996,,,16.6,,,,,,,,,,,,,,,,,,,,,
5/2/1996,,,16.1,,,,,,,,,,,,,,,,,,,,,
5/2/1996,,,16.1,,,,,,,,,,,,,,,,,,,,,
5/2/1996,,,14.4,,,,,,,,,,,,,,,,,,,,,
5/2/1996,,,12.7,,,,,,,,,,,,,,,,,,,,,
5/2/1996,,,12.2,,,,,,,,,,,,,,,,,,,,,
5/2/1996,,,12.2,,,,,,,,,,,,,,,,,,,,,
5/2/1996,,,12.2,,,,,,,,,,,,,,,,,,,,,
5/3/1996,,,11.1,,,,,,,,,,,,,,,,,,,,,
5/3/1996,,,10.5,,,,,,,,,,,,,,,,,,,,,
5/3/1996,,,10,,,,,,,,,,,,,,,,,,,,,
5/3/1996,,,11.1,,,,,,,,,,,,,,,,,,,,,
5/3/1996,,,11.1,,,,,,,,,,,,,,,,,,,,,
5/3/1996,,,14.4,,,,,,,,,,,,,,,,,,,,,
5/3/1996,,,14.4,,,,,,,,,,,,,,,,,,,,,
5/3/1996,,,15,,,,,,,,,,,,,,,,,,,,,
5/3/1996,,,16.1,,,,,,,,,,,,,,,,,,,,,
5/3/1996,,,18.3,,,,,,,,,,,,,,,,,,,,,
5/3/1996,,,19.4,,,,,,,,,,,,,,,,,,,,,
5/3/1996,,,18.8,,,,,,,,,,,,,,,,,,,,,
5/3/1996,,,20.5,,,,,,,,,,,,,,,,,,,,,
5/3/1996,,,20,,,,,,,,,,,,,,,,,,,,,
5/3/1996,,,20.5,,,,,,,,,,,,,,,,,,,,,
5/3/1996,,,21.1,,,,,,,,,,,,,,,,,,,,,
5/3/1996,,,20.5,,,,,,,,,,,,,,,,,,,,,
5/3/1996,,,19.4,,,,,,,,,,,,,,,,,,,,,
5/3/1996,,,18.8,,,,,,,,,,,,,,,,,,,,,
5/3/1996,,,17.7,,,,,,,,,,,,,,,,,,,,,
5/3/1996,,,16.6,,,,,,,,,,,,,,,,,,,,,
5/3/1996,,,16.6,,,,,,,,,,,,,,,,,,,,,
5/3/1996,,,15.5,,,,,,,,,,,,,,,,,,,,,
5/3/1996,,,11.6,,,,,,,,,,,,,,,,,,,,,
5/4/1996,,,11.1,,,,,,,,,,,,,,,,,,,,,
5/4/1996,,,12.2,,,,,,,,,,,,,,,,,,,,,
5/4/1996,,,11.6,,,,,,,,,,,,,,,,,,,,,
5/4/1996,,,10.5,,,,,,,,,,,,,,,,,,,,,
5/4/1996,,,10.5,,,,,,,,,,,,,,,,,,,,,
5/4/1996,,,10,,,,,,,,,,,,,,,,,,,,,
5/4/1996,,,10.5,,,,,,,,,,,,,,,,,,,,,
5/4/1996,,,11.1,,,,,,,,,,,,,,,,,,,,,
5/4/1996,,,12.7,,,,,,,,,,,,,,,,,,,,,
5/4/1996,,,13.3,,,,,,,,,,,,,,,,,,,,,
5/4/1996,,,14.4,,,,,,,,,,,,,,,,,,,,,
5/4/1996,,,15.5,,,,,,,,,,,,,,,,,,,,,
5/4/1996,,,15,,,,,,,,,,,,,,,,,,,,,
5/4/1996,,,14.4,,,,,,,,,,,,,,,,,,,,,
5/4/1996,,,13.3,,,,,,,,,,,,,,,,,,,,,
5/4/1996,,,14.4,,,,,,,,,,,,,,,,,,,,,
5/4/1996,,,16.6,,,,,,,,,,,,,,,,,,,,,
5/4/1996,,,17.2,,,,,,,,,,,,,,,,,,,,,
5/4/1996,,,16.6,,,,,,,,,,,,,,,,,,,,,
5/4/1996,,,15.5,,,,,,,,,,,,,,,,,,,,,
5/4/1996,,,13.3,,,,,,,,,,,,,,,,,,,,,
5/4/1996,,,11.6,,,,,,,,,,,,,,,,,,,,,
5/4/1996,,,10,,,,,,,,,,,,,,,,,,,,,
5/4/1996,,,10,,,,,,,,,,,,,,,,,,,,,
5/5/1996,,,10,,,,,,,,,,,,,,,,,,,,,
5/5/1996,,,10,,,,,,,,,,,,,,,,,,,,,
5/5/1996,,,10,,,,,,,,,,,,,,,,,,,,,
5/5/1996,,,11.1,,,,,,,,,,,,,,,,,,,,,
5/5/1996,,,11.6,,,,,,,,,,,,,,,,,,,,,
5/5/1996,,,12.2,,,,,,,,,,,,,,,,,,,,,
5/5/1996,,,12.2,,,,,,,,,,,,,,,,,,,,,
5/5/1996,,,12.7,,,,,,,,,,,,,,,,,,,,,
5/5/1996,,,13.3,,,,,,,,,,,,,,,,,,,,,
5/5/1996,,,13.8,,,,,,,,,,,,,,,,,,,,,
5/5/1996,,,12.7,,,,,,,,,,,,,,,,,,,,,
5/5/1996,,,12.2,,,,,,,,,,,,,,,,,,,,,
5/5/1996,,,9.4,,,,,,,,,,,,,,,,,,,,,
5/5/1996,,,11.1,,,,,,,,,,,,,,,,,,,,,
5/5/1996,,,11.6,,,,,,,,,,,,,,,,,,,,,
5/5/1996,,,12.7,,,,,,,,,,,,,,,,,,,,,
5/5/1996,,,13.3,,,,,,,,,,,,,,,,,,,,,
5/5/1996,,,13.3,,,,,,,,,,,,,,,,,,,,,
5/5/1996,,,12.2,,,,,,,,,,,,,,,,,,,,,
5/5/1996,,,12.2,,,,,,,,,,,,,,,,,,,,,
5/5/1996,,,12.2,,,,,,,,,,,,,,,,,,,,,
5/5/1996,,,10,,,,,,,,,,,,,,,,,,,,,
5/5/1996,,,11.6,,,,,,,,,,,,,,,,,,,,,
5/5/1996,,,11.6,,,,,,,,,,,,,,,,,,,,,
5/6/1996,,,11.6,,,,,,,,,,,,,,,,,,,,,
5/6/1996,,,11.6,,,,,,,,,,,,,,,,,,,,,
5/6/1996,,,11.1,,,,,,,,,,,,,,,,,,,,,
5/6/1996,,,10,,,,,,,,,,,,,,,,,,,,,
5/6/1996,,,8.8,,,,,,,,,,,,,,,,,,,,,
5/6/1996,,,10,,,,,,,,,,,,,,,,,,,,,
5/6/1996,,,10,,,,,,,,,,,,,,,,,,,,,
5/6/1996,,,11.1,,,,,,,,,,,,,,,,,,,,,
5/6/1996,,,10.5,,,,,,,,,,,,,,,,,,,,,
5/6/1996,,,11.6,,,,,,,,,,,,,,,,,,,,,
5/6/1996,,,13.3,,,,,,,,,,,,,,,,,,,,,
5/6/1996,,,15,,,,,,,,,,,,,,,,,,,,,
5/6/1996,,,15.5,,,,,,,,,,,,,,,,,,,,,
5/6/1996,,,16.1,,,,,,,,,,,,,,,,,,,,,
5/6/1996,,,16.6,,,,,,,,,,,,,,,,,,,,,
5/6/1996,,,16.6,,,,,,,,,,,,,,,,,,,,,
5/6/1996,,,16.1,,,,,,,,,,,,,,,,,,,,,
5/6/1996,,,16.1,,,,,,,,,,,,,,,,,,,,,
5/6/1996,,,12.7,,,,,,,,,,,,,,,,,,,,,
5/6/1996,,,13.8,,,,,,,,,,,,,,,,,,,,,
5/6/1996,,,13.3,,,,,,,,,,,,,,,,,,,,,
5/6/1996,,,12.7,,,,,,,,,,,,,,,,,,,,,
5/6/1996,,,12.2,,,,,,,,,,,,,,,,,,,,,
5/6/1996,,,11.6,,,,,,,,,,,,,,,,,,,,,
5/7/1996,,,11.1,,,,,,,,,,,,,,,,,,,,,
5/7/1996,,,10.5,,,,,,,,,,,,,,,,,,,,,
5/7/1996,,,10.5,,,,,,,,,,,,,,,,,,,,,
5/7/1996,,,10.5,,,,,,,,,,,,,,,,,,,,,
5/7/1996,,,10,,,,,,,,,,,,,,,,,,,,,
5/7/1996,,,10,,,,,,,,,,,,,,,,,,,,,
5/7/1996,,,9.4,,,,,,,,,,,,,,,,,,,,,
5/7/1996,,,9.4,,,,,,,,,,,,,,,,,,,,,
5/7/1996,,,9.5,,,,,,,,,,,,,,,,,,,,,
5/7/1996,,,9.4,,,,,,,,,,,,,,,,,,,,,
5/7/1996,,,11.8,,,,,,,,,,,,,,,,,,,,,
5/7/1996,,,13.8,,,,,,,,,,,,,,,,,,,,,
5/7/1996,,,15.5,,,,,,,,,,,,,,,,,,,,,
5/7/1996,,,17.2,,,,,,,,,,,,,,,,,,,,,
5/7/1996,,,18.3,,,,,,,,,,,,,,,,,,,,,
5/7/1996,,,19.4,,,,,,,,,,,,,,,,,,,,,
5/7/1996,,,18.8,,,,,,,,,,,,,,,,,,,,,
5/7/1996,,,18.3,,,,,,,,,,,,,,,,,,,,,
5/7/1996,,,17.2,,,,,,,,,,,,,,,,,,,,,
5/7/1996,,,16.6,,,,,,,,,,,,,,,,,,,,,
5/7/1996,,,16.6,,,,,,,,,,,,,,,,,,,,,
5/7/1996,,,16.6,,,,,,,,,,,,,,,,,,,,,
5/7/1996,,,16.6,,,,,,,,,,,,,,,,,,,,,
5/7/1996,,,16.1,,,,,,,,,,,,,,,,,,,,,
5/8/1996,,,15.5,,,,,,,,,,,,,,,,,,,,,
5/8/1996,,,15,,,,,,,,,,,,,,,,,,,,,
5/8/1996,,,15,,,,,,,,,,,,,,,,,,,,,
5/8/1996,,,15,,,,,,,,,,,,,,,,,,,,,
5/8/1996,,,15,,,,,,,,,,,,,,,,,,,,,
5/8/1996,,,14.4,,,,,,,,,,,,,,,,,,,,,
5/8/1996,,,14.4,,,,,,,,,,,,,,,,,,,,,
5/8/1996,,,15,,,,,,,,,,,,,,,,,,,,,
5/8/1996,,,16.1,,,,,,,,,,,,,,,,,,,,,
5/8/1996,,,17.2,,,,,,,,,,,,,,,,,,,,,
5/8/1996,,,18.8,,,,,,,,,,,,,,,,,,,,,
5/8/1996,,,19.4,,,,,,,,,,,,,,,,,,,,,
5/8/1996,,,18.8,,,,,,,,,,,,,,,,,,,,,
5/8/1996,,,17.7,,,,,,,,,,,,,,,,,,,,,
5/8/1996,,,17.2,,,,,,,,,,,,,,,,,,,,,
5/8/1996,,,18.3,,,,,,,,,,,,,,,,,,,,,
5/8/1996,,,18.8,,,,,,,,,,,,,,,,,,,,,
5/8/1996,,,20,,,,,,,,,,,,,,,,,,,,,
5/8/1996,,,20.5,,,,,,,,,,,,,,,,,,,,,
5/8/1996,,,19.4,,,,,,,,,,,,,,,,,,,,,
5/8/1996,,,18.3,,,,,,,,,,,,,,,,,,,,,
5/8/1996,,,17.7,,,,,,,,,,,,,,,,,,,,,
5/8/1996,,,17.2,,,,,,,,,,,,,,,,,,,,,
5/8/1996,,,17.2,,,,,,,,,,,,,,,,,,,,,
5/9/1996,,,17.2,,,,,,,,,,,,,,,,,,,,,
5/9/1996,,,17.1,,,,,,,,,,,,,,,,,,,,,
5/9/1996,,,17.2,,,,,,,,,,,,,,,,,,,,,
5/9/1996,,,17.7,,,,,,,,,,,,,,,,,,,,,
5/9/1996,,,18.3,,,,,,,,,,,,,,,,,,,,,
5/9/1996,,,18.8,,,,,,,,,,,,,,,,,,,,,
5/9/1996,,,19.4,,,,,,,,,,,,,,,,,,,,,
5/9/1996,,,20,,,,,,,,,,,,,,,,,,,,,
5/9/1996,,,21.6,,,,,,,,,,,,,,,,,,,,,
5/9/1996,,,22.7,,,,,,,,,,,,,,,,,,,,,
5/9/1996,,,23.8,,,,,,,,,,,,,,,,,,,,,
5/9/1996,,,24.4,,,,,,,,,,,,,,,,,,,,,
5/9/1996,,,27.2,,,,,,,,,,,,,,,,,,,,,
5/9/1996,,,27.2,,,,,,,,,,,,,,,,,,,,,
5/9/1996,,,27.7,,,,,,,,,,,,,,,,,,,,,
5/9/1996,,,28.3,,,,,,,,,,,,,,,,,,,,,
5/9/1996,,,27.2,,,,,,,,,,,,,,,,,,,,,
5/9/1996,,,26.1,,,,,,,,,,,,,,,,,,,,,
5/9/1996,,,26.6,,,,,,,,,,,,,,,,,,,,,
5/9/1996,,,25,,,,,,,,,,,,,,,,,,,,,
5/9/1996,,,23.8,,,,,,,,,,,,,,,,,,,,,
5/9/1996,,,22.2,,,,,,,,,,,,,,,,,,,,,
5/9/1996,,,22.2,,,,,,,,,,,,,,,,,,,,,
5/9/1996,,,22.2,,,,,,,,,,,,,,,,,,,,,
5/10/1996,,,22.2,,,,,,,,,,,,,,,,,,,,,
5/10/1996,,,21.6,,,,,,,,,,,,,,,,,,,,,
5/10/1996,,,22.2,,,,,,,,,,,,,,,,,,,,,
5/10/1996,,,22.2,,,,,,,,,,,,,,,,,,,,,
5/10/1996,,,24.4,,,,,,,,,,,,,,,,,,,,,
5/10/1996,,,21.6,,,,,,,,,,,,,,,,,,,,,
5/10/1996,,,22.2,,,,,,,,,,,,,,,,,,,,,
5/10/1996,,,20,,,,,,,,,,,,,,,,,,,,,
5/10/1996,,,20,,,,,,,,,,,,,,,,,,,,,
5/10/1996,,,19.4,,,,,,,,,,,,,,,,,,,,,
5/10/1996,,,19.4,,,,,,,,,,,,,,,,,,,,,
5/10/1996,,,19.4,,,,,,,,,,,,,,,,,,,,,
5/10/1996,,,19.4,,,,,,,,,,,,,,,,,,,,,
5/10/1996,,,19.3,,,,,,,,,,,,,,,,,,,,,
5/10/1996,,,18.8,,,,,,,,,,,,,,,,,,,,,
5/10/1996,,,20,,,,,,,,,,,,,,,,,,,,,
5/10/1996,,,22.2,,,,,,,,,,,,,,,,,,,,,
5/10/1996,,,14.4,,,,,,,,,,,,,,,,,,,,,
5/10/1996,,,10.5,,,,,,,,,,,,,,,,,,,,,
5/10/1996,,,8.8,,,,,,,,,,,,,,,,,,,,,
5/10/1996,,,7.7,,,,,,,,,,,,,,,,,,,,,
5/10/1996,,,7.1,,,,,,,,,,,,,,,,,,,,,
5/10/1996,,,6.6,,,,,,,,,,,,,,,,,,,,,
5/10/1996,,,5.5,,,,,,,,,,,,,,,,,,,,,
5/11/1996,,,5.5,,,,,,,,,,,,,,,,,,,,,
5/11/1996,,,5.5,,,,,,,,,,,,,,,,,,,,,
5/11/1996,,,6.1,,,,,,,,,,,,,,,,,,,,,
5/11/1996,,,6.1,,,,,,,,,,,,,,,,,,,,,
5/11/1996,,,6.1,,,,,,,,,,,,,,,,,,,,,
5/11/1996,,,5.5,,,,,,,,,,,,,,,,,,,,,
5/11/1996,,,5,,,,,,,,,,,,,,,,,,,,,
5/11/1996,,,5,,,,,,,,,,,,,,,,,,,,,
5/11/1996,,,5,,,,,,,,,,,,,,,,,,,,,
5/11/1996,,,5.5,,,,,,,,,,,,,,,,,,,,,
5/11/1996,,,8.3,,,,,,,,,,,,,,,,,,,,,
5/11/1996,,,9.4,,,,,,,,,,,,,,,,,,,,,
5/11/1996,,,9.4,,,,,,,,,,,,,,,,,,,,,
5/11/1996,,,11.1,,,,,,,,,,,,,,,,,,,,,
5/11/1996,,,11.6,,,,,,,,,,,,,,,,,,,,,
5/11/1996,,,11.6,,,,,,,,,,,,,,,,,,,,,
5/11/1996,,,12.2,,,,,,,,,,,,,,,,,,,,,
5/11/1996,,,11.6,,,,,,,,,,,,,,,,,,,,,
5/11/1996,,,10,,,,,,,,,,,,,,,,,,,,,
5/11/1996,,,8.3,,,,,,,,,,,,,,,,,,,,,
5/11/1996,,,6.6,,,,,,,,,,,,,,,,,,,,,
5/11/1996,,,5.5,,,,,,,,,,,,,,,,,,,,,
5/11/1996,,,4.4,,,,,,,,,,,,,,,,,,,,,
5/11/1996,,,3.8,,,,,,,,,,,,,,,,,,,,,
5/12/1996,,,2.7,,,,,,,,,,,,,,,,,,,,,
5/12/1996,,,2.2,,,,,,,,,,,,,,,,,,,,,
5/12/1996,,,2.2,,,,,,,,,,,,,,,,,,,,,
5/12/1996,,,3.3,,,,,,,,,,,,,,,,,,,,,
5/12/1996,,,4.4,,,,,,,,,,,,,,,,,,,,,
5/12/1996,,,4.4,,,,,,,,,,,,,,,,,,,,,
5/12/1996,,,5.6,,,,,,,,,,,,,,,,,,,,,
5/12/1996,,,7.2,,,,,,,,,,,,,,,,,,,,,
5/12/1996,,,7.7,,,,,,,,,,,,,,,,,,,,,
5/12/1996,,,9.4,,,,,,,,,,,,,,,,,,,,,
5/12/1996,,,10,,,,,,,,,,,,,,,,,,,,,
5/12/1996,,,10.4,,,,,,,,,,,,,,,,,,,,,
5/12/1996,,,10.5,,,,,,,,,,,,,,,,,,,,,
5/12/1996,,,12.2,,,,,,,,,,,,,,,,,,,,,
5/12/1996,,,12.7,,,,,,,,,,,,,,,,,,,,,
5/12/1996,,,12.2,,,,,,,,,,,,,,,,,,,,,
5/12/1996,,,11.1,,,,,,,,,,,,,,,,,,,,,
5/12/1996,,,11.6,,,,,,,,,,,,,,,,,,,,,
5/12/1996,,,10.5,,,,,,,,,,,,,,,,,,,,,
5/12/1996,,,9.4,,,,,,,,,,,,,,,,,,,,,
5/12/1996,,,8.8,,,,,,,,,,,,,,,,,,,,,
5/12/1996,,,7.7,,,,,,,,,,,,,,,,,,,,,
5/12/1996,,,7.2,,,,,,,,,,,,,,,,,,,,,
5/12/1996,,,6.4,,,,,,,,,,,,,,,,,,,,,
5/13/1996,,,5.5,,,,,,,,,,,,,,,,,,,,,
5/13/1996,,,5,,,,,,,,,,,,,,,,,,,,,
5/13/1996,,,5,,,,,,,,,,,,,,,,,,,,,
5/13/1996,,,5,,,,,,,,,,,,,,,,,,,,,
5/13/1996,,,5.5,,,,,,,,,,,,,,,,,,,,,
5/13/1996,,,5,,,,,,,,,,,,,,,,,,,,,
5/13/1996,,,6.1,,,,,,,,,,,,,,,,,,,,,
5/13/1996,,,7.7,,,,,,,,,,,,,,,,,,,,,
5/13/1996,,,8.8,,,,,,,,,,,,,,,,,,,,,
5/13/1996,,,10,,,,,,,,,,,,,,,,,,,,,
5/13/1996,,,10,,,,,,,,,,,,,,,,,,,,,
5/13/1996,,,11.1,,,,,,,,,,,,,,,,,,,,,
5/13/1996,,,11.6,,,,,,,,,,,,,,,,,,,,,
5/13/1996,,,12.7,,,,,,,,,,,,,,,,,,,,,
5/13/1996,,,12.2,,,,,,,,,,,,,,,,,,,,,
5/13/1996,,,12.2,,,,,,,,,,,,,,,,,,,,,
5/13/1996,,,11.6,,,,,,,,,,,,,,,,,,,,,
5/13/1996,,,12.2,,,,,,,,,,,,,,,,,,,,,
5/13/1996,,,11.6,,,,,,,,,,,,,,,,,,,,,
5/13/1996,,,8.8,,,,,,,,,,,,,,,,,,,,,
5/13/1996,,,7.2,,,,,,,,,,,,,,,,,,,,,
5/13/1996,,,6.1,,,,,,,,,,,,,,,,,,,,,
5/13/1996,,,5,,,,,,,,,,,,,,,,,,,,,
5/13/1996,,,3.8,,,,,,,,,,,,,,,,,,,,,
5/14/1996,,,3.8,,,,,,,,,,,,,,,,,,,,,
5/14/1996,,,3.5,,,,,,,,,,,,,,,,,,,,,
5/14/1996,,,3.3,,,,,,,,,,,,,,,,,,,,,
5/14/1996,,,3.8,,,,,,,,,,,,,,,,,,,,,
5/14/1996,,,2.7,,,,,,,,,,,,,,,,,,,,,
5/14/1996,,,3.3,,,,,,,,,,,,,,,,,,,,,
5/14/1996,,,6.1,,,,,,,,,,,,,,,,,,,,,
5/14/1996,,,8.8,,,,,,,,,,,,,,,,,,,,,
5/14/1996,,,11.6,,,,,,,,,,,,,,,,,,,,,
5/14/1996,,,13.8,,,,,,,,,,,,,,,,,,,,,
5/14/1996,,,14.4,,,,,,,,,,,,,,,,,,,,,
5/14/1996,,,15,,,,,,,,,,,,,,,,,,,,,
5/14/1996,,,15.5,,,,,,,,,,,,,,,,,,,,,
5/14/1996,,,16.1,,,,,,,,,,,,,,,,,,,,,
5/14/1996,,,15.9,,,,,,,,,,,,,,,,,,,,,
5/14/1996,,,15.5,,,,,,,,,,,,,,,,,,,,,
5/14/1996,,,15.5,,,,,,,,,,,,,,,,,,,,,
5/14/1996,,,15,,,,,,,,,,,,,,,,,,,,,
5/14/1996,,,15,,,,,,,,,,,,,,,,,,,,,
5/14/1996,,,13.3,,,,,,,,,,,,,,,,,,,,,
5/14/1996,,,11.6,,,,,,,,,,,,,,,,,,,,,
5/14/1996,,,11.6,,,,,,,,,,,,,,,,,,,,,
5/14/1996,,,12.2,,,,,,,,,,,,,,,,,,,,,
5/14/1996,,,12.2,,,,,,,,,,,,,,,,,,,,,
5/15/1996,,,12.2,,,,,,,,,,,,,,,,,,,,,
5/15/1996,,,11.6,,,,,,,,,,,,,,,,,,,,,
5/15/1996,,,11.6,,,,,,,,,,,,,,,,,,,,,
5/15/1996,,,11.6,,,,,,,,,,,,,,,,,,,,,
5/15/1996,,,11.6,,,,,,,,,,,,,,,,,,,,,
5/15/1996,,,10.5,,,,,,,,,,,,,,,,,,,,,
5/15/1996,,,10.5,,,,,,,,,,,,,,,,,,,,,
5/15/1996,,,11,,,,,,,,,,,,,,,,,,,,,
5/15/1996,,,11.6,,,,,,,,,,,,,,,,,,,,,
5/15/1996,,,12.2,,,,,,,,,,,,,,,,,,,,,
5/15/1996,,,13.3,,,,,,,,,,,,,,,,,,,,,
5/15/1996,,,14.4,,,,,,,,,,,,,,,,,,,,,
5/15/1996,,,15.5,,,,,,,,,,,,,,,,,,,,,
5/15/1996,,,16.1,,,,,,,,,,,,,,,,,,,,,
5/15/1996,,,16.6,,,,,,,,,,,,,,,,,,,,,
5/15/1996,,,17.2,,,,,,,,,,,,,,,,,,,,,
5/15/1996,,,17.7,,,,,,,,,,,,,,,,,,,,,
5/15/1996,,,18.3,,,,,,,,,,,,,,,,,,,,,
5/15/1996,,,17.7,,,,,,,,,,,,,,,,,,,,,
5/15/1996,,,17.2,,,,,,,,,,,,,,,,,,,,,
5/15/1996,,,17.2,,,,,,,,,,,,,,,,,,,,,
5/15/1996,,,17.2,,,,,,,,,,,,,,,,,,,,,
5/15/1996,,,16.6,,,,,,,,,,,,,,,,,,,,,
5/15/1996,,,16.6,,,,,,,,,,,,,,,,,,,,,
5/16/1996,,,16.6,,,,,,,,,,,,,,,,,,,,,
5/16/1996,,,16.1,,,,,,,,,,,,,,,,,,,,,
5/16/1996,,,16.1,,,,,,,,,,,,,,,,,,,,,
5/16/1996,,,16.1,,,,,,,,,,,,,,,,,,,,,
5/16/1996,,,16.1,,,,,,,,,,,,,,,,,,,,,
5/16/1996,,,16.1,,,,,,,,,,,,,,,,,,,,,
5/16/1996,,,17.2,,,,,,,,,,,,,,,,,,,,,
5/16/1996,,,18.3,,,,,,,,,,,,,,,,,,,,,
5/16/1996,,,20.5,,,,,,,,,,,,,,,,,,,,,
5/16/1996,,,21.1,,,,,,,,,,,,,,,,,,,,,
5/16/1996,,,21.6,,,,,,,,,,,,,,,,,,,,,
5/16/1996,,,23.8,,,,,,,,,,,,,,,,,,,,,
5/16/1996,,,24.4,,,,,,,,,,,,,,,,,,,,,
5/16/1996,,,26.1,,,,,,,,,,,,,,,,,,,,,
5/16/1996,,,26.1,,,,,,,,,,,,,,,,,,,,,
5/16/1996,,,27.2,,,,,,,,,,,,,,,,,,,,,
5/16/1996,,,27.2,,,,,,,,,,,,,,,,,,,,,
5/16/1996,,,26.1,,,,,,,,,,,,,,,,,,,,,
5/16/1996,,,25,,,,,,,,,,,,,,,,,,,,,
5/16/1996,,,24.4,,,,,,,,,,,,,,,,,,,,,
5/16/1996,,,23.3,,,,,,,,,,,,,,,,,,,,,
5/16/1996,,,23.3,,,,,,,,,,,,,,,,,,,,,
5/16/1996,,,22.2,,,,,,,,,,,,,,,,,,,,,
5/16/1996,,,21.1,,,,,,,,,,,,,,,,,,,,,
5/17/1996,,,20,,,,,,,,,,,,,,,,,,,,,
5/17/1996,,,18.8,,,,,,,,,,,,,,,,,,,,,
5/17/1996,,,19.4,,,,,,,,,,,,,,,,,,,,,
5/17/1996,,,19.4,,,,,,,,,,,,,,,,,,,,,
5/17/1996,,,19.4,,,,,,,,,,,,,,,,,,,,,
5/17/1996,,,19.4,,,,,,,,,,,,,,,,,,,,,
5/17/1996,,,20,,,,,,,,,,,,,,,,,,,,,
5/17/1996,,,21.1,,,,,,,,,,,,,,,,,,,,,
5/17/1996,,,22.2,,,,,,,,,,,,,,,,,,,,,
5/17/1996,,,24.4,,,,,,,,,,,,,,,,,,,,,
5/17/1996,,,25.5,,,,,,,,,,,,,,,,,,,,,
5/17/1996,,,26.1,,,,,,,,,,,,,,,,,,,,,
5/17/1996,,,27.2,,,,,,,,,,,,,,,,,,,,,
5/17/1996,,,28.3,,,,,,,,,,,,,,,,,,,,,
5/17/1996,,,29.4,,,,,,,,,,,,,,,,,,,,,
5/17/1996,,,30,,,,,,,,,,,,,,,,,,,,,
5/17/1996,,,30.5,,,,,,,,,,,,,,,,,,,,,
5/17/1996,,,30,,,,,,,,,,,,,,,,,,,,,
5/17/1996,,,29.4,,,,,,,,,,,,,,,,,,,,,
5/17/1996,,,27.2,,,,,,,,,,,,,,,,,,,,,
5/17/1996,,,26.1,,,,,,,,,,,,,,,,,,,,,
5/17/1996,,,25,,,,,,,,,,,,,,,,,,,,,
5/17/1996,,,24.4,,,,,,,,,,,,,,,,,,,,,
5/17/1996,,,23.8,,,,,,,,,,,,,,,,,,,,,
5/18/1996,,,23.3,,,,,,,,,,,,,,,,,,,,,
5/18/1996,,,23.3,,,,,,,,,,,,,,,,,,,,,
5/18/1996,,,22.2,,,,,,,,,,,,,,,,,,,,,
5/18/1996,,,22.2,,,,,,,,,,,,,,,,,,,,,
5/18/1996,,,22.2,,,,,,,,,,,,,,,,,,,,,
5/18/1996,,,22.2,,,,,,,,,,,,,,,,,,,,,
5/18/1996,,,22.7,,,,,,,,,,,,,,,,,,,,,
5/18/1996,,,23.8,,,,,,,,,,,,,,,,,,,,,
5/18/1996,,,25.5,,,,,,,,,,,,,,,,,,,,,
5/18/1996,,,26.6,,,,,,,,,,,,,,,,,,,,,
5/18/1996,,,27.7,,,,,,,,,,,,,,,,,,,,,
5/18/1996,,,28.8,,,,,,,,,,,,,,,,,,,,,
5/18/1996,,,29.4,,,,,,,,,,,,,,,,,,,,,
5/18/1996,,,30.5,,,,,,,,,,,,,,,,,,,,,
5/18/1996,,,30.5,,,,,,,,,,,,,,,,,,,,,
5/18/1996,,,31.1,,,,,,,,,,,,,,,,,,,,,
5/18/1996,,,31.1,,,,,,,,,,,,,,,,,,,,,
5/18/1996,,,31.1,,,,,,,,,,,,,,,,,,,,,
5/18/1996,,,30.5,,,,,,,,,,,,,,,,,,,,,
5/18/1996,,,29.4,,,,,,,,,,,,,,,,,,,,,
5/18/1996,,,27.7,,,,,,,,,,,,,,,,,,,,,
5/18/1996,,,26.1,,,,,,,,,,,,,,,,,,,,,
5/18/1996,,,25,,,,,,,,,,,,,,,,,,,,,
5/18/1996,,,23.3,,,,,,,,,,,,,,,,,,,,,
5/19/1996,,,22.7,,,,,,,,,,,,,,,,,,,,,
5/19/1996,,,22.7,,,,,,,,,,,,,,,,,,,,,
5/19/1996,,,22.7,,,,,,,,,,,,,,,,,,,,,
5/19/1996,,,22.2,,,,,,,,,,,,,,,,,,,,,
5/19/1996,,,22.2,,,,,,,,,,,,,,,,,,,,,
5/19/1996,,,22.2,,,,,,,,,,,,,,,,,,,,,
5/19/1996,,,22.7,,,,,,,,,,,,,,,,,,,,,
5/19/1996,,,24.4,,,,,,,,,,,,,,,,,,,,,
5/19/1996,,,25.5,,,,,,,,,,,,,,,,,,,,,
5/19/1996,,,27.2,,,,,,,,,,,,,,,,,,,,,
5/19/1996,,,28.3,,,,,,,,,,,,,,,,,,,,,
5/19/1996,,,29.4,,,,,,,,,,,,,,,,,,,,,
5/19/1996,,,31.1,,,,,,,,,,,,,,,,,,,,,
5/19/1996,,,31.6,,,,,,,,,,,,,,,,,,,,,
5/19/1996,,,31.6,,,,,,,,,,,,,,,,,,,,,
5/19/1996,,,32.2,,,,,,,,,,,,,,,,,,,,,
5/19/1996,,,32.2,,,,,,,,,,,,,,,,,,,,,
5/19/1996,,,31.6,,,,,,,,,,,,,,,,,,,,,
5/19/1996,,,30.5,,,,,,,,,,,,,,,,,,,,,
5/19/1996,,,28.8,,,,,,,,,,,,,,,,,,,,,
5/19/1996,,,27.2,,,,,,,,,,,,,,,,,,,,,
5/19/1996,,,26.1,,,,,,,,,,,,,,,,,,,,,
5/19/1996,,,25,,,,,,,,,,,,,,,,,,,,,
5/19/1996,,,25,,,,,,,,,,,,,,,,,,,,,
5/20/1996,,,24.4,,,,,,,,,,,,,,,,,,,,,
5/20/1996,,,23.8,,,,,,,,,,,,,,,,,,,,,
5/20/1996,,,23.3,,,,,,,,,,,,,,,,,,,,,
5/20/1996,,,22.7,,,,,,,,,,,,,,,,,,,,,
5/20/1996,,,22.7,,,,,,,,,,,,,,,,,,,,,
5/20/1996,,,22.2,,,,,,,,,,,,,,,,,,,,,
5/20/1996,,,22.7,,,,,,,,,,,,,,,,,,,,,
5/20/1996,,,23.8,,,,,,,,,,,,,,,,,,,,,
5/20/1996,,,25.5,,,,,,,,,,,,,,,,,,,,,
5/20/1996,,,26.6,,,,,,,,,,,,,,,,,,,,,
5/20/1996,,,27.7,,,,,,,,,,,,,,,,,,,,,
5/20/1996,,,28.8,,,,,,,,,,,,,,,,,,,,,
5/20/1996,,,29.4,,,,,,,,,,,,,,,,,,,,,
5/20/1996,,,29.4,,,,,,,,,,,,,,,,,,,,,
5/20/1996,,,30.5,,,,,,,,,,,,,,,,,,,,,
5/20/1996,,,30,,,,,,,,,,,,,,,,,,,,,
5/20/1996,,,30,,,,,,,,,,,,,,,,,,,,,
5/20/1996,,,30,,,,,,,,,,,,,,,,,,,,,
5/20/1996,,,28.8,,,,,,,,,,,,,,,,,,,,,
5/20/1996,,,27.7,,,,,,,,,,,,,,,,,,,,,
5/20/1996,,,22.7,,,,,,,,,,,,,,,,,,,,,
5/20/1996,,,15,,,,,,,,,,,,,,,,,,,,,
5/20/1996,,,15,,,,,,,,,,,,,,,,,,,,,
5/20/1996,,,15,,,,,,,,,,,,,,,,,,,,,
5/21/1996,,,15,,,,,,,,,,,,,,,,,,,,,
5/21/1996,,,15,,,,,,,,,,,,,,,,,,,,,
5/21/1996,,,14.4,,,,,,,,,,,,,,,,,,,,,
5/21/1996,,,14.4,,,,,,,,,,,,,,,,,,,,,
5/21/1996,,,14.4,,,,,,,,,,,,,,,,,,,,,
5/21/1996,,,13.8,,,,,,,,,,,,,,,,,,,,,
5/21/1996,,,14.4,,,,,,,,,,,,,,,,,,,,,
5/21/1996,,,15.5,,,,,,,,,,,,,,,,,,,,,
5/21/1996,,,16.6,,,,,,,,,,,,,,,,,,,,,
5/21/1996,,,18.8,,,,,,,,,,,,,,,,,,,,,
5/21/1996,,,21.6,,,,,,,,,,,,,,,,,,,,,
5/21/1996,,,22.7,,,,,,,,,,,,,,,,,,,,,
5/21/1996,,,24.4,,,,,,,,,,,,,,,,,,,,,
5/21/1996,,,26.1,,,,,,,,,,,,,,,,,,,,,
5/21/1996,,,26.1,,,,,,,,,,,,,,,,,,,,,
5/21/1996,,,26.1,,,,,,,,,,,,,,,,,,,,,
5/21/1996,,,25,,,,,,,,,,,,,,,,,,,,,
5/21/1996,,,26.1,,,,,,,,,,,,,,,,,,,,,
5/21/1996,,,24.4,,,,,,,,,,,,,,,,,,,,,
5/21/1996,,,22.7,,,,,,,,,,,,,,,,,,,,,
5/21/1996,,,17.7,,,,,,,,,,,,,,,,,,,,,
5/21/1996,,,17.2,,,,,,,,,,,,,,,,,,,,,
5/21/1996,,,16.1,,,,,,,,,,,,,,,,,,,,,
5/21/1996,,,15.5,,,,,,,,,,,,,,,,,,,,,
5/22/1996,,,13.8,,,,,,,,,,,,,,,,,,,,,
5/22/1996,,,13.3,,,,,,,,,,,,,,,,,,,,,
5/22/1996,,,12.7,,,,,,,,,,,,,,,,,,,,,
5/22/1996,,,11.6,,,,,,,,,,,,,,,,,,,,,
5/22/1996,,,11.1,,,,,,,,,,,,,,,,,,,,,
5/22/1996,,,11.6,,,,,,,,,,,,,,,,,,,,,
5/22/1996,,,13.3,,,,,,,,,,,,,,,,,,,,,
5/22/1996,,,18.8,,,,,,,,,,,,,,,,,,,,,
5/22/1996,,,21.6,,,,,,,,,,,,,,,,,,,,,
5/22/1996,,,23.3,,,,,,,,,,,,,,,,,,,,,
5/22/1996,,,26.1,,,,,,,,,,,,,,,,,,,,,
5/22/1996,,,26.1,,,,,,,,,,,,,,,,,,,,,
5/22/1996,,,27.2,,,,,,,,,,,,,,,,,,,,,
5/22/1996,,,28.3,,,,,,,,,,,,,,,,,,,,,
5/22/1996,,,26.6,,,,,,,,,,,,,,,,,,,,,
5/22/1996,,,27.1,,,,,,,,,,,,,,,,,,,,,
5/22/1996,,,27.2,,,,,,,,,,,,,,,,,,,,,
5/22/1996,,,27.2,,,,,,,,,,,,,,,,,,,,,
5/22/1996,,,26.1,,,,,,,,,,,,,,,,,,,,,
5/22/1996,,,24.4,,,,,,,,,,,,,,,,,,,,,
5/22/1996,,,18.3,,,,,,,,,,,,,,,,,,,,,
5/22/1996,,,17.2,,,,,,,,,,,,,,,,,,,,,
5/22/1996,,,17.7,,,,,,,,,,,,,,,,,,,,,
5/22/1996,,,16.6,,,,,,,,,,,,,,,,,,,,,
5/23/1996,,,16.1,,,,,,,,,,,,,,,,,,,,,
5/23/1996,,,15.5,,,,,,,,,,,,,,,,,,,,,
5/23/1996,,,17.2,,,,,,,,,,,,,,,,,,,,,
5/23/1996,,,13.8,,,,,,,,,,,,,,,,,,,,,
5/23/1996,,,13.8,,,,,,,,,,,,,,,,,,,,,
5/23/1996,,,16.6,,,,,,,,,,,,,,,,,,,,,
5/23/1996,,,17.2,,,,,,,,,,,,,,,,,,,,,
5/23/1996,,,18.3,,,,,,,,,,,,,,,,,,,,,
5/23/1996,,,17.7,,,,,,,,,,,,,,,,,,,,,
5/23/1996,,,16.6,,,,,,,,,,,,,,,,,,,,,
5/23/1996,,,18.3,,,,,,,,,,,,,,,,,,,,,
5/23/1996,,,20,,,,,,,,,,,,,,,,,,,,,
5/23/1996,,,16.6,,,,,,,,,,,,,,,,,,,,,
5/23/1996,,,17.7,,,,,,,,,,,,,,,,,,,,,
5/23/1996,,,17.2,,,,,,,,,,,,,,,,,,,,,
5/23/1996,,,17.2,,,,,,,,,,,,,,,,,,,,,
5/23/1996,,,17.2,,,,,,,,,,,,,,,,,,,,,
5/23/1996,,,17.2,,,,,,,,,,,,,,,,,,,,,
5/23/1996,,,16.6,,,,,,,,,,,,,,,,,,,,,
5/23/1996,,,16.4,,,,,,,,,,,,,,,,,,,,,
5/23/1996,,,16.2,,,,,,,,,,,,,,,,,,,,,
5/23/1996,,,16.6,,,,,,,,,,,,,,,,,,,,,
5/23/1996,,,16.6,,,,,,,,,,,,,,,,,,,,,
5/23/1996,,,16.6,,,,,,,,,,,,,,,,,,,,,
5/24/1996,,,16.6,,,,,,,,,,,,,,,,,,,,,
5/24/1996,,,16.6,,,,,,,,,,,,,,,,,,,,,
5/24/1996,,,16.1,,,,,,,,,,,,,,,,,,,,,
5/24/1996,,,16.1,,,,,,,,,,,,,,,,,,,,,
5/24/1996,,,16.1,,,,,,,,,,,,,,,,,,,,,
5/24/1996,,,16.1,,,,,,,,,,,,,,,,,,,,,
5/24/1996,,,16.1,,,,,,,,,,,,,,,,,,,,,
5/24/1996,,,16.6,,,,,,,,,,,,,,,,,,,,,
5/24/1996,,,17.2,,,,,,,,,,,,,,,,,,,,,
5/24/1996,,,16.6,,,,,,,,,,,,,,,,,,,,,
5/24/1996,,,16.6,,,,,,,,,,,,,,,,,,,,,
5/24/1996,,,16.6,,,,,,,,,,,,,,,,,,,,,
5/24/1996,,,17.2,,,,,,,,,,,,,,,,,,,,,
5/24/1996,,,16.1,,,,,,,,,,,,,,,,,,,,,
5/24/1996,,,15,,,,,,,,,,,,,,,,,,,,,
5/24/1996,,,15,,,,,,,,,,,,,,,,,,,,,
5/24/1996,,,15,,,,,,,,,,,,,,,,,,,,,
5/24/1996,,,14.4,,,,,,,,,,,,,,,,,,,,,
5/24/1996,,,14.2,,,,,,,,,,,,,,,,,,,,,
5/24/1996,,,13.3,,,,,,,,,,,,,,,,,,,,,
5/24/1996,,,12.7,,,,,,,,,,,,,,,,,,,,,
5/24/1996,,,12.7,,,,,,,,,,,,,,,,,,,,,
5/24/1996,,,12.7,,,,,,,,,,,,,,,,,,,,,
5/24/1996,,,12.2,,,,,,,,,,,,,,,,,,,,,
5/25/1996,,,12.2,,,,,,,,,,,,,,,,,,,,,
5/25/1996,,,11.1,,,,,,,,,,,,,,,,,,,,,
5/25/1996,,,11.1,,,,,,,,,,,,,,,,,,,,,
5/25/1996,,,11.6,,,,,,,,,,,,,,,,,,,,,
5/25/1996,,,11.6,,,,,,,,,,,,,,,,,,,,,
5/25/1996,,,10,,,,,,,,,,,,,,,,,,,,,
5/25/1996,,,9.4,,,,,,,,,,,,,,,,,,,,,
5/25/1996,,,10,,,,,,,,,,,,,,,,,,,,,
5/25/1996,,,10,,,,,,,,,,,,,,,,,,,,,
5/25/1996,,,10.5,,,,,,,,,,,,,,,,,,,,,
5/25/1996,,,12.2,,,,,,,,,,,,,,,,,,,,,
5/25/1996,,,14.4,,,,,,,,,,,,,,,,,,,,,
5/25/1996,,,16.1,,,,,,,,,,,,,,,,,,,,,
5/25/1996,,,17.2,,,,,,,,,,,,,,,,,,,,,
5/25/1996,,,18.8,,,,,,,,,,,,,,,,,,,,,
5/25/1996,,,19.4,,,,,,,,,,,,,,,,,,,,,
5/25/1996,,,19.4,,,,,,,,,,,,,,,,,,,,,
5/25/1996,,,19.4,,,,,,,,,,,,,,,,,,,,,
5/25/1996,,,18.3,,,,,,,,,,,,,,,,,,,,,
5/25/1996,,,17.7,,,,,,,,,,,,,,,,,,,,,
5/25/1996,,,17.2,,,,,,,,,,,,,,,,,,,,,
5/25/1996,,,16.1,,,,,,,,,,,,,,,,,,,,,
5/25/1996,,,15.5,,,,,,,,,,,,,,,,,,,,,
5/25/1996,,,14.4,,,,,,,,,,,,,,,,,,,,,
5/26/1996,,,12.2,,,,,,,,,,,,,,,,,,,,,
5/26/1996,,,11.6,,,,,,,,,,,,,,,,,,,,,
5/26/1996,,,11.6,,,,,,,,,,,,,,,,,,,,,
5/26/1996,,,12.2,,,,,,,,,,,,,,,,,,,,,
5/26/1996,,,12.2,,,,,,,,,,,,,,,,,,,,,
5/26/1996,,,12.2,,,,,,,,,,,,,,,,,,,,,
5/26/1996,,,11.6,,,,,,,,,,,,,,,,,,,,,
5/26/1996,,,11.6,,,,,,,,,,,,,,,,,,,,,
5/26/1996,,,12.7,,,,,,,,,,,,,,,,,,,,,
5/26/1996,,,11.6,,,,,,,,,,,,,,,,,,,,,
5/26/1996,,,12.7,,,,,,,,,,,,,,,,,,,,,
5/26/1996,,,14.4,,,,,,,,,,,,,,,,,,,,,
5/26/1996,,,14.4,,,,,,,,,,,,,,,,,,,,,
5/26/1996,,,15.5,,,,,,,,,,,,,,,,,,,,,
5/26/1996,,,15.5,,,,,,,,,,,,,,,,,,,,,
5/26/1996,,,14.8,,,,,,,,,,,,,,,,,,,,,
5/26/1996,,,13.8,,,,,,,,,,,,,,,,,,,,,
5/26/1996,,,14.4,,,,,,,,,,,,,,,,,,,,,
5/26/1996,,,14.4,,,,,,,,,,,,,,,,,,,,,
5/26/1996,,,13.8,,,,,,,,,,,,,,,,,,,,,
5/26/1996,,,13.8,,,,,,,,,,,,,,,,,,,,,
5/26/1996,,,13.8,,,,,,,,,,,,,,,,,,,,,
5/26/1996,,,13.3,,,,,,,,,,,,,,,,,,,,,
5/26/1996,,,13.3,,,,,,,,,,,,,,,,,,,,,
5/27/1996,,,12.7,,,,,,,,,,,,,,,,,,,,,
5/27/1996,,,12.2,,,,,,,,,,,,,,,,,,,,,
5/27/1996,,,12.2,,,,,,,,,,,,,,,,,,,,,
5/27/1996,,,12.2,,,,,,,,,,,,,,,,,,,,,
5/27/1996,,,12.2,,,,,,,,,,,,,,,,,,,,,
5/27/1996,,,12.7,,,,,,,,,,,,,,,,,,,,,
5/27/1996,,,11.6,,,,,,,,,,,,,,,,,,,,,
5/27/1996,,,11.1,,,,,,,,,,,,,,,,,,,,,
5/27/1996,,,11.1,,,,,,,,,,,,,,,,,,,,,
5/27/1996,,,11.6,,,,,,,,,,,,,,,,,,,,,
5/27/1996,,,12.2,,,,,,,,,,,,,,,,,,,,,
5/27/1996,,,12.7,,,,,,,,,,,,,,,,,,,,,
5/27/1996,,,13.3,,,,,,,,,,,,,,,,,,,,,
5/27/1996,,,13.8,,,,,,,,,,,,,,,,,,,,,
5/27/1996,,,13.8,,,,,,,,,,,,,,,,,,,,,
5/27/1996,,,13.8,,,,,,,,,,,,,,,,,,,,,
5/27/1996,,,13.8,,,,,,,,,,,,,,,,,,,,,
5/27/1996,,,13.3,,,,,,,,,,,,,,,,,,,,,
5/27/1996,,,13.3,,,,,,,,,,,,,,,,,,,,,
5/27/1996,,,13.8,,,,,,,,,,,,,,,,,,,,,
5/27/1996,,,13.8,,,,,,,,,,,,,,,,,,,,,
5/27/1996,,,13.8,,,,,,,,,,,,,,,,,,,,,
5/27/1996,,,13.3,,,,,,,,,,,,,,,,,,,,,
5/27/1996,,,13.3,,,,,,,,,,,,,,,,,,,,,
5/28/1996,,,12.7,,,,,,,,,,,,,,,,,,,,,
5/28/1996,,,12.7,,,,,,,,,,,,,,,,,,,,,
5/28/1996,,,12.7,,,,,,,,,,,,,,,,,,,,,
5/28/1996,,,12.7,,,,,,,,,,,,,,,,,,,,,
5/28/1996,,,12.7,,,,,,,,,,,,,,,,,,,,,
5/28/1996,,,12.7,,,,,,,,,,,,,,,,,,,,,
5/28/1996,,,13.3,,,,,,,,,,,,,,,,,,,,,
5/28/1996,,,13.3,,,,,,,,,,,,,,,,,,,,,
5/28/1996,,,13.8,,,,,,,,,,,,,,,,,,,,,
5/28/1996,,,16.6,,,,,,,,,,,,,,,,,,,,,
5/28/1996,,,17.7,,,,,,,,,,,,,,,,,,,,,
5/28/1996,,,17.2,,,,,,,,,,,,,,,,,,,,,
5/28/1996,,,17.7,,,,,,,,,,,,,,,,,,,,,
5/28/1996,,,17.2,,,,,,,,,,,,,,,,,,,,,
5/28/1996,,,17.7,,,,,,,,,,,,,,,,,,,,,
5/28/1996,,,17.7,,,,,,,,,,,,,,,,,,,,,
5/28/1996,,,17.8,,,,,,,,,,,,,,,,,,,,,
5/28/1996,,,17.7,,,,,,,,,,,,,,,,,,,,,
5/28/1996,,,17.7,,,,,,,,,,,,,,,,,,,,,
5/28/1996,,,17.2,,,,,,,,,,,,,,,,,,,,,
5/28/1996,,,16.6,,,,,,,,,,,,,,,,,,,,,
5/28/1996,,,15.5,,,,,,,,,,,,,,,,,,,,,
5/28/1996,,,14.4,,,,,,,,,,,,,,,,,,,,,
5/28/1996,,,14.4,,,,,,,,,,,,,,,,,,,,,
5/29/1996,,,13.8,,,,,,,,,,,,,,,,,,,,,
5/29/1996,,,13.8,,,,,,,,,,,,,,,,,,,,,
5/29/1996,,,13.3,,,,,,,,,,,,,,,,,,,,,
5/29/1996,,,13.3,,,,,,,,,,,,,,,,,,,,,
5/29/1996,,,13.3,,,,,,,,,,,,,,,,,,,,,
5/29/1996,,,13.3,,,,,,,,,,,,,,,,,,,,,
5/29/1996,,,13.3,,,,,,,,,,,,,,,,,,,,,
5/29/1996,,,14.7,,,,,,,,,,,,,,,,,,,,,
5/29/1996,,,16.1,,,,,,,,,,,,,,,,,,,,,
5/29/1996,,,17.7,,,,,,,,,,,,,,,,,,,,,
5/29/1996,,,18.3,,,,,,,,,,,,,,,,,,,,,
5/29/1996,,,19.4,,,,,,,,,,,,,,,,,,,,,
5/29/1996,,,20,,,,,,,,,,,,,,,,,,,,,
5/29/1996,,,20.5,,,,,,,,,,,,,,,,,,,,,
5/29/1996,,,21.1,,,,,,,,,,,,,,,,,,,,,
5/29/1996,,,21.1,,,,,,,,,,,,,,,,,,,,,
5/29/1996,,,20.5,,,,,,,,,,,,,,,,,,,,,
5/29/1996,,,20.5,,,,,,,,,,,,,,,,,,,,,
5/29/1996,,,19.4,,,,,,,,,,,,,,,,,,,,,
5/29/1996,,,17.7,,,,,,,,,,,,,,,,,,,,,
5/29/1996,,,13.8,,,,,,,,,,,,,,,,,,,,,
5/29/1996,,,12.2,,,,,,,,,,,,,,,,,,,,,
5/29/1996,,,11.1,,,,,,,,,,,,,,,,,,,,,
5/29/1996,,,10,,,,,,,,,,,,,,,,,,,,,
5/30/1996,,,10,,,,,,,,,,,,,,,,,,,,,
5/30/1996,,,10,,,,,,,,,,,,,,,,,,,,,
5/30/1996,,,10,,,,,,,,,,,,,,,,,,,,,
5/30/1996,,,10,,,,,,,,,,,,,,,,,,,,,
5/30/1996,,,8.3,,,,,,,,,,,,,,,,,,,,,
5/30/1996,,,7.7,,,,,,,,,,,,,,,,,,,,,
5/30/1996,,,10,,,,,,,,,,,,,,,,,,,,,
5/30/1996,,,11.1,,,,,,,,,,,,,,,,,,,,,
5/30/1996,,,13.3,,,,,,,,,,,,,,,,,,,,,
5/30/1996,,,15,,,,,,,,,,,,,,,,,,,,,
5/30/1996,,,17.2,,,,,,,,,,,,,,,,,,,,,
5/30/1996,,,17.7,,,,,,,,,,,,,,,,,,,,,
5/30/1996,,,19.4,,,,,,,,,,,,,,,,,,,,,
5/30/1996,,,19.4,,,,,,,,,,,,,,,,,,,,,
5/30/1996,,,20.5,,,,,,,,,,,,,,,,,,,,,
5/30/1996,,,20,,,,,,,,,,,,,,,,,,,,,
5/30/1996,,,20,,,,,,,,,,,,,,,,,,,,,
5/30/1996,,,20,,,,,,,,,,,,,,,,,,,,,
5/30/1996,,,20,,,,,,,,,,,,,,,,,,,,,
5/30/1996,,,18.3,,,,,,,,,,,,,,,,,,,,,
5/30/1996,,,16.6,,,,,,,,,,,,,,,,,,,,,
5/30/1996,,,13.8,,,,,,,,,,,,,,,,,,,,,
5/30/1996,,,13.3,,,,,,,,,,,,,,,,,,,,,
5/30/1996,,,11.1,,,,,,,,,,,,,,,,,,,,,
5/31/1996,,,10.5,,,,,,,,,,,,,,,,,,,,,
5/31/1996,,,10.5,,,,,,,,,,,,,,,,,,,,,
5/31/1996,,,10.2,,,,,,,,,,,,,,,,,,,,,
5/31/1996,,,10,,,,,,,,,,,,,,,,,,,,,
5/31/1996,,,11.1,,,,,,,,,,,,,,,,,,,,,
5/31/1996,,,11.2,,,,,,,,,,,,,,,,,,,,,
5/31/1996,,,12.7,,,,,,,,,,,,,,,,,,,,,
5/31/1996,,,14.9,,,,,,,,,,,,,,,,,,,,,
5/31/1996,,,17.2,,,,,,,,,,,,,,,,,,,,,
5/31/1996,,,19.4,,,,,,,,,,,,,,,,,,,,,
5/31/1996,,,21.1,,,,,,,,,,,,,,,,,,,,,
5/31/1996,,,21.6,,,,,,,,,,,,,,,,,,,,,
5/31/1996,,,22.2,,,,,,,,,,,,,,,,,,,,,
5/31/1996,,,22.7,,,,,,,,,,,,,,,,,,,,,
5/31/1996,,,23.3,,,,,,,,,,,,,,,,,,,,,
5/31/1996,,,23.8,,,,,,,,,,,,,,,,,,,,,
5/31/1996,,,24.4,,,,,,,,,,,,,,,,,,,,,
5/31/1996,,,23.8,,,,,,,,,,,,,,,,,,,,,
5/31/1996,,,23.3,,,,,,,,,,,,,,,,,,,,,
5/31/1996,,,22.2,,,,,,,,,,,,,,,,,,,,,
5/31/1996,,,16.6,,,,,,,,,,,,,,,,,,,,,
5/31/1996,,,16.8,,,,,,,,,,,,,,,,,,,,,
5/31/1996,,,16.9,,,,,,,,,,,,,,,,,,,,,
5/31/1996,,,17.1,,,,,,,,,,,,,,,,,,,,,
6/1/2000,,,17.3,,,,,,,,,,,,,,,,,,,,,
6/1/2000,,,17.5,,,,,,,,,,,,,,,,,,,,,
6/1/2000,,,17.6,,,,,,,,,,,,,,,,,,,,,
6/1/2000,,,17.8,,,,,,,,,,,,,,,,,,,,,
6/1/2000,,,17.2,,,,,,,,,,,,,,,,,,,,,
6/1/2000,,,17.2,,,,,,,,,,,,,,,,,,,,,
6/1/2000,,,20,,,,,,,,,,,,,,,,,,,,,
6/1/2000,,,22.8,,,,,,,,,,,,,,,,,,,,,
6/1/2000,,,25,,,,,,,,,,,,,,,,,,,,,
6/1/2000,,,27.2,,,,,,,,,,,,,,,,,,,,,
6/1/2000,,,28.3,,,,,,,,,,,,,,,,,,,,,
6/1/2000,,,28.9,,,,,,,,,,,,,,,,,,,,,
6/1/2000,,,30,,,,,,,,,,,,,,,,,,,,,
6/1/2000,,,31.1,,,,,,,,,,,,,,,,,,,,,
6/1/2000,,,31.1,,,,,,,,,,,,,,,,,,,,,
6/1/2000,,,31.7,,,,,,,,,,,,,,,,,,,,,
6/1/2000,,,30.6,,,,,,,,,,,,,,,,,,,,,
6/1/2000,,,30,,,,,,,,,,,,,,,,,,,,,
6/1/2000,,,29.4,,,,,,,,,,,,,,,,,,,,,
6/1/2000,,,28.3,,,,,,,,,,,,,,,,,,,,,
6/1/2000,,,26.7,,,,,,,,,,,,,,,,,,,,,
6/1/2000,,,25.6,,,,,,,,,,,,,,,,,,,,,
6/1/2000,,,24.4,,,,,,,,,,,,,,,,,,,,,
6/1/2000,,,23.9,,,,,,,,,,,,,,,,,,,,,
6/2/2000,,,23.9,,,,,,,,,,,,,,,,,,,,,
6/2/2000,,,23.3,,,,,,,,,,,,,,,,,,,,,
6/2/2000,,,23.3,,,,,,,,,,,,,,,,,,,,,
6/2/2000,,,23.3,,,,,,,,,,,,,,,,,,,,,
6/2/2000,,,22.8,,,,,,,,,,,,,,,,,,,,,
6/2/2000,,,22.8,,,,,,,,,,,,,,,,,,,,,
6/2/2000,,,23.3,,,,,,,,,,,,,,,,,,,,,
6/2/2000,,,23,,,,,,,,,,,,,,,,,,,,,
6/2/2000,,,21.7,,,,,,,,,,,,,,,,,,,,,
6/2/2000,,,22.2,,,,,,,,,,,,,,,,,,,,,
6/2/2000,,,23.9,,,,,,,,,,,,,,,,,,,,,
6/2/2000,,,23.3,,,,,,,,,,,,,,,,,,,,,
6/2/2000,,,22.8,,,,,,,,,,,,,,,,,,,,,
6/2/2000,,,24.4,,,,,,,,,,,,,,,,,,,,,
6/2/2000,,,23.9,,,,,,,,,,,,,,,,,,,,,
6/2/2000,,,24.4,,,,,,,,,,,,,,,,,,,,,
6/2/2000,,,22.8,,,,,,,,,,,,,,,,,,,,,
6/2/2000,,,20.6,,,,,,,,,,,,,,,,,,,,,
6/2/2000,,,18.3,,,,,,,,,,,,,,,,,,,,,
6/2/2000,,,17.2,,,,,,,,,,,,,,,,,,,,,
6/2/2000,,,16.1,,,,,,,,,,,,,,,,,,,,,
6/2/2000,,,16.1,,,,,,,,,,,,,,,,,,,,,
6/2/2000,,,15,,,,,,,,,,,,,,,,,,,,,
6/2/2000,,,14.4,,,,,,,,,,,,,,,,,,,,,
6/3/2000,,,13.3,,,,,,,,,,,,,,,,,,,,,
6/3/2000,,,12.2,,,,,,,,,,,,,,,,,,,,,
6/3/2000,,,11.1,,,,,,,,,,,,,,,,,,,,,
6/3/2000,,,10.6,,,,,,,,,,,,,,,,,,,,,
6/3/2000,,,10,,,,,,,,,,,,,,,,,,,,,
6/3/2000,,,10,,,,,,,,,,,,,,,,,,,,,
6/3/2000,,,12.2,,,,,,,,,,,,,,,,,,,,,
6/3/2000,,,13.9,,,,,,,,,,,,,,,,,,,,,
6/3/2000,,,15.6,,,,,,,,,,,,,,,,,,,,,
6/3/2000,,,16.7,,,,,,,,,,,,,,,,,,,,,
6/3/2000,,,17.8,,,,,,,,,,,,,,,,,,,,,
6/3/2000,,,19.4,,,,,,,,,,,,,,,,,,,,,
6/3/2000,,,20,,,,,,,,,,,,,,,,,,,,,
6/3/2000,,,21.1,,,,,,,,,,,,,,,,,,,,,
6/3/2000,,,21.1,,,,,,,,,,,,,,,,,,,,,
6/3/2000,,,21.7,,,,,,,,,,,,,,,,,,,,,
6/3/2000,,,22.2,,,,,,,,,,,,,,,,,,,,,
6/3/2000,,,20.6,,,,,,,,,,,,,,,,,,,,,
6/3/2000,,,20.6,,,,,,,,,,,,,,,,,,,,,
6/3/2000,,,19.4,,,,,,,,,,,,,,,,,,,,,
6/3/2000,,,16.7,,,,,,,,,,,,,,,,,,,,,
6/3/2000,,,15.6,,,,,,,,,,,,,,,,,,,,,
6/3/2000,,,14.4,,,,,,,,,,,,,,,,,,,,,
6/3/2000,,,13.3,,,,,,,,,,,,,,,,,,,,,
6/4/2000,,,12.8,,,,,,,,,,,,,,,,,,,,,
6/4/2000,,,12.2,,,,,,,,,,,,,,,,,,,,,
6/4/2000,,,11.1,,,,,,,,,,,,,,,,,,,,,
6/4/2000,,,11.1,,,,,,,,,,,,,,,,,,,,,
6/4/2000,,,11.7,,,,,,,,,,,,,,,,,,,,,
6/4/2000,,,12.2,,,,,,,,,,,,,,,,,,,,,
6/4/2000,,,13.3,,,,,,,,,,,,,,,,,,,,,
6/4/2000,,,15,,,,,,,,,,,,,,,,,,,,,
6/4/2000,,,16.7,,,,,,,,,,,,,,,,,,,,,
6/4/2000,,,18.3,,,,,,,,,,,,,,,,,,,,,
6/4/2000,,,20,,,,,,,,,,,,,,,,,,,,,
6/4/2000,,,20,,,,,,,,,,,,,,,,,,,,,
6/4/2000,,,20.6,,,,,,,,,,,,,,,,,,,,,
6/4/2000,,,21.1,,,,,,,,,,,,,,,,,,,,,
6/4/2000,,,21.7,,,,,,,,,,,,,,,,,,,,,
6/4/2000,,,21.1,,,,,,,,,,,,,,,,,,,,,
6/4/2000,,,19.4,,,,,,,,,,,,,,,,,,,,,
6/4/2000,,,18.3,,,,,,,,,,,,,,,,,,,,,
6/4/2000,,,18,,,,,,,,,,,,,,,,,,,,,
6/4/2000,,,17,,,,,,,,,,,,,,,,,,,,,
6/4/2000,,,17,,,,,,,,,,,,,,,,,,,,,
6/4/2000,,,16,,,,,,,,,,,,,,,,,,,,,
6/4/2000,,,16,,,,,,,,,,,,,,,,,,,,,
6/4/2000,,,16.1,,,,,,,,,,,,,,,,,,,,,
6/5/2000,,,15.6,,,,,,,,,,,,,,,,,,,,,
6/5/2000,,,13.3,,,,,,,,,,,,,,,,,,,,,
6/5/2000,,,13.3,,,,,,,,,,,,,,,,,,,,,
6/5/2000,,,13.3,,,,,,,,,,,,,,,,,,,,,
6/5/2000,,,13,,,,,,,,,,,,,,,,,,,,,
6/5/2000,,,13.3,,,,,,,,,,,,,,,,,,,,,
6/5/2000,,,13.3,,,,,,,,,,,,,,,,,,,,,
6/5/2000,,,13.3,,,,,,,,,,,,,,,,,,,,,
6/5/2000,,,14.4,,,,,,,,,,,,,,,,,,,,,
6/5/2000,,,13.3,,,,,,,,,,,,,,,,,,,,,
6/5/2000,,,13.9,,,,,,,,,,,,,,,,,,,,,
6/5/2000,,,14,,,,,,,,,,,,,,,,,,,,,
6/5/2000,,,15,,,,,,,,,,,,,,,,,,,,,
6/5/2000,,,14.4,,,,,,,,,,,,,,,,,,,,,
6/5/2000,,,12.2,,,,,,,,,,,,,,,,,,,,,
6/5/2000,,,13,,,,,,,,,,,,,,,,,,,,,
6/5/2000,,,12.8,,,,,,,,,,,,,,,,,,,,,
6/5/2000,,,13.9,,,,,,,,,,,,,,,,,,,,,
6/5/2000,,,13.3,,,,,,,,,,,,,,,,,,,,,
6/5/2000,,,12.8,,,,,,,,,,,,,,,,,,,,,
6/5/2000,,,12.2,,,,,,,,,,,,,,,,,,,,,
6/5/2000,,,11.1,,,,,,,,,,,,,,,,,,,,,
6/5/2000,,,10,,,,,,,,,,,,,,,,,,,,,
6/5/2000,,,9.4,,,,,,,,,,,,,,,,,,,,,
6/6/2000,,,8.9,,,,,,,,,,,,,,,,,,,,,
6/6/2000,,,8.9,,,,,,,,,,,,,,,,,,,,,
6/6/2000,,,8.9,,,,,,,,,,,,,,,,,,,,,
6/6/2000,,,8.3,,,,,,,,,,,,,,,,,,,,,
6/6/2000,,,7.8,,,,,,,,,,,,,,,,,,,,,
6/6/2000,,,8.3,,,,,,,,,,,,,,,,,,,,,
6/6/2000,,,11.1,,,,,,,,,,,,,,,,,,,,,
6/6/2000,,,13.9,,,,,,,,,,,,,,,,,,,,,
6/6/2000,,,15.6,,,,,,,,,,,,,,,,,,,,,
6/6/2000,,,16.7,,,,,,,,,,,,,,,,,,,,,
6/6/2000,,,17.8,,,,,,,,,,,,,,,,,,,,,
6/6/2000,,,18.9,,,,,,,,,,,,,,,,,,,,,
6/6/2000,,,20,,,,,,,,,,,,,,,,,,,,,
6/6/2000,,,20.6,,,,,,,,,,,,,,,,,,,,,
6/6/2000,,,21.1,,,,,,,,,,,,,,,,,,,,,
6/6/2000,,,21.1,,,,,,,,,,,,,,,,,,,,,
6/6/2000,,,21.7,,,,,,,,,,,,,,,,,,,,,
6/6/2000,,,21.7,,,,,,,,,,,,,,,,,,,,,
6/6/2000,,,20.6,,,,,,,,,,,,,,,,,,,,,
6/6/2000,,,18.9,,,,,,,,,,,,,,,,,,,,,
6/6/2000,,,15.6,,,,,,,,,,,,,,,,,,,,,
6/6/2000,,,13.3,,,,,,,,,,,,,,,,,,,,,
6/6/2000,,,11.7,,,,,,,,,,,,,,,,,,,,,
6/6/2000,,,10.6,,,,,,,,,,,,,,,,,,,,,
6/7/2000,,,9.4,,,,,,,,,,,,,,,,,,,,,
6/7/2000,,,8.9,,,,,,,,,,,,,,,,,,,,,
6/7/2000,,,8.3,,,,,,,,,,,,,,,,,,,,,
6/7/2000,,,7.8,,,,,,,,,,,,,,,,,,,,,
6/7/2000,,,7.8,,,,,,,,,,,,,,,,,,,,,
6/7/2000,,,8.3,,,,,,,,,,,,,,,,,,,,,
6/7/2000,,,11.1,,,,,,,,,,,,,,,,,,,,,
6/7/2000,,,14.4,,,,,,,,,,,,,,,,,,,,,
6/7/2000,,,17.8,,,,,,,,,,,,,,,,,,,,,
6/7/2000,,,21.1,,,,,,,,,,,,,,,,,,,,,
6/7/2000,,,22.2,,,,,,,,,,,,,,,,,,,,,
6/7/2000,,,22.8,,,,,,,,,,,,,,,,,,,,,
6/7/2000,,,24,,,,,,,,,,,,,,,,,,,,,
6/7/2000,,,26.7,,,,,,,,,,,,,,,,,,,,,
6/7/2000,,,27,,,,,,,,,,,,,,,,,,,,,
6/7/2000,,,26,,,,,,,,,,,,,,,,,,,,,
6/7/2000,,,25,,,,,,,,,,,,,,,,,,,,,
6/7/2000,,,24.4,,,,,,,,,,,,,,,,,,,,,
6/7/2000,,,23.3,,,,,,,,,,,,,,,,,,,,,
6/7/2000,,,22.2,,,,,,,,,,,,,,,,,,,,,
6/7/2000,,,21.1,,,,,,,,,,,,,,,,,,,,,
6/7/2000,,,20.6,,,,,,,,,,,,,,,,,,,,,
6/7/2000,,,20,,,,,,,,,,,,,,,,,,,,,
6/7/2000,,,19.4,,,,,,,,,,,,,,,,,,,,,
6/8/2000,,,19.4,,,,,,,,,,,,,,,,,,,,,
6/8/2000,,,19.4,,,,,,,,,,,,,,,,,,,,,
6/8/2000,,,18.9,,,,,,,,,,,,,,,,,,,,,
6/8/2000,,,18.9,,,,,,,,,,,,,,,,,,,,,
6/8/2000,,,18.9,,,,,,,,,,,,,,,,,,,,,
6/8/2000,,,18.9,,,,,,,,,,,,,,,,,,,,,
6/8/2000,,,19.4,,,,,,,,,,,,,,,,,,,,,
6/8/2000,,,21.1,,,,,,,,,,,,,,,,,,,,,
6/8/2000,,,22.2,,,,,,,,,,,,,,,,,,,,,
6/8/2000,,,23.9,,,,,,,,,,,,,,,,,,,,,
6/8/2000,,,25,,,,,,,,,,,,,,,,,,,,,
6/8/2000,,,26.7,,,,,,,,,,,,,,,,,,,,,
6/8/2000,,,27.8,,,,,,,,,,,,,,,,,,,,,
6/8/2000,,,29.4,,,,,,,,,,,,,,,,,,,,,
6/8/2000,,,29.4,,,,,,,,,,,,,,,,,,,,,
6/8/2000,,,30,,,,,,,,,,,,,,,,,,,,,
6/8/2000,,,30,,,,,,,,,,,,,,,,,,,,,
6/8/2000,,,29.4,,,,,,,,,,,,,,,,,,,,,
6/8/2000,,,28.3,,,,,,,,,,,,,,,,,,,,,
6/8/2000,,,26.7,,,,,,,,,,,,,,,,,,,,,
6/8/2000,,,25,,,,,,,,,,,,,,,,,,,,,
6/8/2000,,,23.9,,,,,,,,,,,,,,,,,,,,,
6/8/2000,,,22.8,,,,,,,,,,,,,,,,,,,,,
6/8/2000,,,22.2,,,,,,,,,,,,,,,,,,,,,
6/9/2000,,,20.6,,,,,,,,,,,,,,,,,,,,,
6/9/2000,,,20,,,,,,,,,,,,,,,,,,,,,
6/9/2000,,,18.3,,,,,,,,,,,,,,,,,,,,,
6/9/2000,,,17.8,,,,,,,,,,,,,,,,,,,,,
6/9/2000,,,17.8,,,,,,,,,,,,,,,,,,,,,
6/9/2000,,,16.7,,,,,,,,,,,,,,,,,,,,,
6/9/2000,,,18.9,,,,,,,,,,,,,,,,,,,,,
6/9/2000,,,22.2,,,,,,,,,,,,,,,,,,,,,
6/9/2000,,,23.9,,,,,,,,,,,,,,,,,,,,,
6/9/2000,,,25.6,,,,,,,,,,,,,,,,,,,,,
6/9/2000,,,27.2,,,,,,,,,,,,,,,,,,,,,
6/9/2000,,,28.3,,,,,,,,,,,,,,,,,,,,,
6/9/2000,,,29.4,,,,,,,,,,,,,,,,,,,,,
6/9/2000,,,30,,,,,,,,,,,,,,,,,,,,,
6/9/2000,,,30.6,,,,,,,,,,,,,,,,,,,,,
6/9/2000,,,30.6,,,,,,,,,,,,,,,,,,,,,
6/9/2000,,,30.6,,,,,,,,,,,,,,,,,,,,,
6/9/2000,,,30,,,,,,,,,,,,,,,,,,,,,
6/9/2000,,,28.9,,,,,,,,,,,,,,,,,,,,,
6/9/2000,,,27.2,,,,,,,,,,,,,,,,,,,,,
6/9/2000,,,26.1,,,,,,,,,,,,,,,,,,,,,
6/9/2000,,,25,,,,,,,,,,,,,,,,,,,,,
6/9/2000,,,24.4,,,,,,,,,,,,,,,,,,,,,
6/9/2000,,,23.3,,,,,,,,,,,,,,,,,,,,,
6/10/2000,,,23.3,,,,,,,,,,,,,,,,,,,,,
6/10/2000,,,22.8,,,,,,,,,,,,,,,,,,,,,
6/10/2000,,,21.7,,,,,,,,,,,,,,,,,,,,,
6/10/2000,,,21.1,,,,,,,,,,,,,,,,,,,,,
6/10/2000,,,20.6,,,,,,,,,,,,,,,,,,,,,
6/10/2000,,,18.9,,,,,,,,,,,,,,,,,,,,,
6/10/2000,,,22.2,,,,,,,,,,,,,,,,,,,,,
6/10/2000,,,25,,,,,,,,,,,,,,,,,,,,,
6/10/2000,,,27.2,,,,,,,,,,,,,,,,,,,,,
6/10/2000,,,28.3,,,,,,,,,,,,,,,,,,,,,
6/10/2000,,,28.9,,,,,,,,,,,,,,,,,,,,,
6/10/2000,,,28.9,,,,,,,,,,,,,,,,,,,,,
6/10/2000,,,28.9,,,,,,,,,,,,,,,,,,,,,
6/10/2000,,,31.1,,,,,,,,,,,,,,,,,,,,,
6/10/2000,,,31.7,,,,,,,,,,,,,,,,,,,,,
6/10/2000,,,26.7,,,,,,,,,,,,,,,,,,,,,
6/10/2000,,,22.8,,,,,,,,,,,,,,,,,,,,,
6/10/2000,,,24.4,,,,,,,,,,,,,,,,,,,,,
6/10/2000,,,24.4,,,,,,,,,,,,,,,,,,,,,
6/10/2000,,,23.9,,,,,,,,,,,,,,,,,,,,,
6/10/2000,,,23.3,,,,,,,,,,,,,,,,,,,,,
6/10/2000,,,23.9,,,,,,,,,,,,,,,,,,,,,
6/10/2000,,,23.9,,,,,,,,,,,,,,,,,,,,,
6/10/2000,,,22.8,,,,,,,,,,,,,,,,,,,,,
6/11/2000,,,22.8,,,,,,,,,,,,,,,,,,,,,
6/11/2000,,,22.2,,,,,,,,,,,,,,,,,,,,,
6/11/2000,,,22.2,,,,,,,,,,,,,,,,,,,,,
6/11/2000,,,21.7,,,,,,,,,,,,,,,,,,,,,
6/11/2000,,,21.7,,,,,,,,,,,,,,,,,,,,,
6/11/2000,,,22.2,,,,,,,,,,,,,,,,,,,,,
6/11/2000,,,22.8,,,,,,,,,,,,,,,,,,,,,
6/11/2000,,,23.3,,,,,,,,,,,,,,,,,,,,,
6/11/2000,,,24.4,,,,,,,,,,,,,,,,,,,,,
6/11/2000,,,24.4,,,,,,,,,,,,,,,,,,,,,
6/11/2000,,,25.6,,,,,,,,,,,,,,,,,,,,,
6/11/2000,,,26.1,,,,,,,,,,,,,,,,,,,,,
6/11/2000,,,26.7,,,,,,,,,,,,,,,,,,,,,
6/11/2000,,,27.2,,,,,,,,,,,,,,,,,,,,,
6/11/2000,,,25,,,,,,,,,,,,,,,,,,,,,
6/11/2000,,,26.7,,,,,,,,,,,,,,,,,,,,,
6/11/2000,,,25.6,,,,,,,,,,,,,,,,,,,,,
6/11/2000,,,26.1,,,,,,,,,,,,,,,,,,,,,
6/11/2000,,,24.4,,,,,,,,,,,,,,,,,,,,,
6/11/2000,,,24,,,,,,,,,,,,,,,,,,,,,
6/11/2000,,,23.3,,,,,,,,,,,,,,,,,,,,,
6/11/2000,,,23.3,,,,,,,,,,,,,,,,,,,,,
6/11/2000,,,22.8,,,,,,,,,,,,,,,,,,,,,
6/11/2000,,,22.2,,,,,,,,,,,,,,,,,,,,,
6/12/2000,,,22.2,,,,,,,,,,,,,,,,,,,,,
6/12/2000,,,22.2,,,,,,,,,,,,,,,,,,,,,
6/12/2000,,,21.7,,,,,,,,,,,,,,,,,,,,,
6/12/2000,,,21.7,,,,,,,,,,,,,,,,,,,,,
6/12/2000,,,21.7,,,,,,,,,,,,,,,,,,,,,
6/12/2000,,,21.7,,,,,,,,,,,,,,,,,,,,,
6/12/2000,,,22.2,,,,,,,,,,,,,,,,,,,,,
6/12/2000,,,22.8,,,,,,,,,,,,,,,,,,,,,
6/12/2000,,,23.3,,,,,,,,,,,,,,,,,,,,,
6/12/2000,,,24.4,,,,,,,,,,,,,,,,,,,,,
6/12/2000,,,25.6,,,,,,,,,,,,,,,,,,,,,
6/12/2000,,,26.7,,,,,,,,,,,,,,,,,,,,,
6/12/2000,,,26.7,,,,,,,,,,,,,,,,,,,,,
6/12/2000,,,25,,,,,,,,,,,,,,,,,,,,,
6/12/2000,,,27.8,,,,,,,,,,,,,,,,,,,,,
6/12/2000,,,27.8,,,,,,,,,,,,,,,,,,,,,
6/12/2000,,,29.4,,,,,,,,,,,,,,,,,,,,,
6/12/2000,,,27.8,,,,,,,,,,,,,,,,,,,,,
6/12/2000,,,27.2,,,,,,,,,,,,,,,,,,,,,
6/12/2000,,,25.6,,,,,,,,,,,,,,,,,,,,,
6/12/2000,,,24.4,,,,,,,,,,,,,,,,,,,,,
6/12/2000,,,23.9,,,,,,,,,,,,,,,,,,,,,
6/12/2000,,,22.8,,,,,,,,,,,,,,,,,,,,,
6/12/2000,,,23,,,,,,,,,,,,,,,,,,,,,
6/13/2000,,,22.8,,,,,,,,,,,,,,,,,,,,,
6/13/2000,,,21.7,,,,,,,,,,,,,,,,,,,,,
6/13/2000,,,22.2,,,,,,,,,,,,,,,,,,,,,
6/13/2000,,,22.2,,,,,,,,,,,,,,,,,,,,,
6/13/2000,,,21.1,,,,,,,,,,,,,,,,,,,,,
6/13/2000,,,21.1,,,,,,,,,,,,,,,,,,,,,
6/13/2000,,,21.7,,,,,,,,,,,,,,,,,,,,,
6/13/2000,,,23,,,,,,,,,,,,,,,,,,,,,
6/13/2000,,,24.4,,,,,,,,,,,,,,,,,,,,,
6/13/2000,,,26.1,,,,,,,,,,,,,,,,,,,,,
6/13/2000,,,27.8,,,,,,,,,,,,,,,,,,,,,
6/13/2000,,,29.4,,,,,,,,,,,,,,,,,,,,,
6/13/2000,,,29.4,,,,,,,,,,,,,,,,,,,,,
6/13/2000,,,29.4,,,,,,,,,,,,,,,,,,,,,
6/13/2000,,,21.7,,,,,,,,,,,,,,,,,,,,,
6/13/2000,,,22.8,,,,,,,,,,,,,,,,,,,,,
6/13/2000,,,25,,,,,,,,,,,,,,,,,,,,,
6/13/2000,,,26.7,,,,,,,,,,,,,,,,,,,,,
6/13/2000,,,26.7,,,,,,,,,,,,,,,,,,,,,
6/13/2000,,,25.6,,,,,,,,,,,,,,,,,,,,,
6/13/2000,,,25.6,,,,,,,,,,,,,,,,,,,,,
6/13/2000,,,25.6,,,,,,,,,,,,,,,,,,,,,
6/13/2000,,,25.6,,,,,,,,,,,,,,,,,,,,,
6/13/2000,,,25,,,,,,,,,,,,,,,,,,,,,
6/14/2000,,,25,,,,,,,,,,,,,,,,,,,,,
6/14/2000,,,24.4,,,,,,,,,,,,,,,,,,,,,
6/14/2000,,,24.4,,,,,,,,,,,,,,,,,,,,,
6/14/2000,,,24.4,,,,,,,,,,,,,,,,,,,,,
6/14/2000,,,22.8,,,,,,,,,,,,,,,,,,,,,
6/14/2000,,,22,,,,,,,,,,,,,,,,,,,,,
6/14/2000,,,22.2,,,,,,,,,,,,,,,,,,,,,
6/14/2000,,,22.8,,,,,,,,,,,,,,,,,,,,,
6/14/2000,,,23.9,,,,,,,,,,,,,,,,,,,,,
6/14/2000,,,26.1,,,,,,,,,,,,,,,,,,,,,
6/14/2000,,,23.9,,,,,,,,,,,,,,,,,,,,,
6/14/2000,,,26.1,,,,,,,,,,,,,,,,,,,,,
6/14/2000,,,24,,,,,,,,,,,,,,,,,,,,,
6/14/2000,,,23.3,,,,,,,,,,,,,,,,,,,,,
6/14/2000,,,27.8,,,,,,,,,,,,,,,,,,,,,
6/14/2000,,,21.1,,,,,,,,,,,,,,,,,,,,,
6/14/2000,,,22.2,,,,,,,,,,,,,,,,,,,,,
6/14/2000,,,22.2,,,,,,,,,,,,,,,,,,,,,
6/14/2000,,,23.3,,,,,,,,,,,,,,,,,,,,,
6/14/2000,,,22.8,,,,,,,,,,,,,,,,,,,,,
6/14/2000,,,22.2,,,,,,,,,,,,,,,,,,,,,
6/14/2000,,,22.2,,,,,,,,,,,,,,,,,,,,,
6/14/2000,,,22.2,,,,,,,,,,,,,,,,,,,,,
6/14/2000,,,22.2,,,,,,,,,,,,,,,,,,,,,
6/15/2000,,,21.7,,,,,,,,,,,,,,,,,,,,,
6/15/2000,,,21.1,,,,,,,,,,,,,,,,,,,,,
6/15/2000,,,20.6,,,,,,,,,,,,,,,,,,,,,
6/15/2000,,,20,,,,,,,,,,,,,,,,,,,,,
6/15/2000,,,18.9,,,,,,,,,,,,,,,,,,,,,
6/15/2000,,,17.8,,,,,,,,,,,,,,,,,,,,,
6/15/2000,,,18.3,,,,,,,,,,,,,,,,,,,,,
6/15/2000,,,19.4,,,,,,,,,,,,,,,,,,,,,
6/15/2000,,,20.6,,,,,,,,,,,,,,,,,,,,,
6/15/2000,,,21.7,,,,,,,,,,,,,,,,,,,,,
6/15/2000,,,23,,,,,,,,,,,,,,,,,,,,,
6/15/2000,,,23.9,,,,,,,,,,,,,,,,,,,,,
6/15/2000,,,24.4,,,,,,,,,,,,,,,,,,,,,
6/15/2000,,,25.6,,,,,,,,,,,,,,,,,,,,,
6/15/2000,,,26.1,,,,,,,,,,,,,,,,,,,,,
6/15/2000,,,26.7,,,,,,,,,,,,,,,,,,,,,
6/15/2000,,,26.7,,,,,,,,,,,,,,,,,,,,,
6/15/2000,,,26.7,,,,,,,,,,,,,,,,,,,,,
6/15/2000,,,25.6,,,,,,,,,,,,,,,,,,,,,
6/15/2000,,,24.4,,,,,,,,,,,,,,,,,,,,,
6/15/2000,,,23.3,,,,,,,,,,,,,,,,,,,,,
6/15/2000,,,22.2,,,,,,,,,,,,,,,,,,,,,
6/15/2000,,,22.2,,,,,,,,,,,,,,,,,,,,,
6/15/2000,,,21.7,,,,,,,,,,,,,,,,,,,,,
6/16/2000,,,21.1,,,,,,,,,,,,,,,,,,,,,
6/16/2000,,,21.1,,,,,,,,,,,,,,,,,,,,,
6/16/2000,,,20.6,,,,,,,,,,,,,,,,,,,,,
6/16/2000,,,21.7,,,,,,,,,,,,,,,,,,,,,
6/16/2000,,,21.1,,,,,,,,,,,,,,,,,,,,,
6/16/2000,,,22.2,,,,,,,,,,,,,,,,,,,,,
6/16/2000,,,23.3,,,,,,,,,,,,,,,,,,,,,
6/16/2000,,,25,,,,,,,,,,,,,,,,,,,,,
6/16/2000,,,25.6,,,,,,,,,,,,,,,,,,,,,
6/16/2000,,,25.6,,,,,,,,,,,,,,,,,,,,,
6/16/2000,,,27.2,,,,,,,,,,,,,,,,,,,,,
6/16/2000,,,26.7,,,,,,,,,,,,,,,,,,,,,
6/16/2000,,,26.1,,,,,,,,,,,,,,,,,,,,,
6/16/2000,,,27.2,,,,,,,,,,,,,,,,,,,,,
6/16/2000,,,24.4,,,,,,,,,,,,,,,,,,,,,
6/16/2000,,,23.9,,,,,,,,,,,,,,,,,,,,,
6/16/2000,,,21.1,,,,,,,,,,,,,,,,,,,,,
6/16/2000,,,20,,,,,,,,,,,,,,,,,,,,,
6/16/2000,,,20,,,,,,,,,,,,,,,,,,,,,
6/16/2000,,,20,,,,,,,,,,,,,,,,,,,,,
6/16/2000,,,19.4,,,,,,,,,,,,,,,,,,,,,
6/16/2000,,,19.4,,,,,,,,,,,,,,,,,,,,,
6/16/2000,,,19.4,,,,,,,,,,,,,,,,,,,,,
6/16/2000,,,18.9,,,,,,,,,,,,,,,,,,,,,
6/17/2000,,,18.3,,,,,,,,,,,,,,,,,,,,,
6/17/2000,,,17.8,,,,,,,,,,,,,,,,,,,,,
6/17/2000,,,17.2,,,,,,,,,,,,,,,,,,,,,
6/17/2000,,,16.7,,,,,,,,,,,,,,,,,,,,,
6/17/2000,,,16.7,,,,,,,,,,,,,,,,,,,,,
6/17/2000,,,17.2,,,,,,,,,,,,,,,,,,,,,
6/17/2000,,,17.2,,,,,,,,,,,,,,,,,,,,,
6/17/2000,,,18,,,,,,,,,,,,,,,,,,,,,
6/17/2000,,,19,,,,,,,,,,,,,,,,,,,,,
6/17/2000,,,19.4,,,,,,,,,,,,,,,,,,,,,
6/17/2000,,,20,,,,,,,,,,,,,,,,,,,,,
6/17/2000,,,20.6,,,,,,,,,,,,,,,,,,,,,
6/17/2000,,,21.1,,,,,,,,,,,,,,,,,,,,,
6/17/2000,,,21.1,,,,,,,,,,,,,,,,,,,,,
6/17/2000,,,21.7,,,,,,,,,,,,,,,,,,,,,
6/17/2000,,,22.2,,,,,,,,,,,,,,,,,,,,,
6/17/2000,,,21.7,,,,,,,,,,,,,,,,,,,,,
6/17/2000,,,20.6,,,,,,,,,,,,,,,,,,,,,
6/17/2000,,,17.8,,,,,,,,,,,,,,,,,,,,,
6/17/2000,,,16.1,,,,,,,,,,,,,,,,,,,,,
6/17/2000,,,15,,,,,,,,,,,,,,,,,,,,,
6/17/2000,,,14.4,,,,,,,,,,,,,,,,,,,,,
6/17/2000,,,14.4,,,,,,,,,,,,,,,,,,,,,
6/17/2000,,,14.4,,,,,,,,,,,,,,,,,,,,,
6/18/2000,,,14.4,,,,,,,,,,,,,,,,,,,,,
6/18/2000,,,15,,,,,,,,,,,,,,,,,,,,,
6/18/2000,,,15,,,,,,,,,,,,,,,,,,,,,
6/18/2000,,,14.4,,,,,,,,,,,,,,,,,,,,,
6/18/2000,,,14.4,,,,,,,,,,,,,,,,,,,,,
6/18/2000,,,14.4,,,,,,,,,,,,,,,,,,,,,
6/18/2000,,,15,,,,,,,,,,,,,,,,,,,,,
6/18/2000,,,15.6,,,,,,,,,,,,,,,,,,,,,
6/18/2000,,,16,,,,,,,,,,,,,,,,,,,,,
6/18/2000,,,17.2,,,,,,,,,,,,,,,,,,,,,
6/18/2000,,,17.8,,,,,,,,,,,,,,,,,,,,,
6/18/2000,,,19.4,,,,,,,,,,,,,,,,,,,,,
6/18/2000,,,21.1,,,,,,,,,,,,,,,,,,,,,
6/18/2000,,,21.1,,,,,,,,,,,,,,,,,,,,,
6/18/2000,,,22.2,,,,,,,,,,,,,,,,,,,,,
6/18/2000,,,22.8,,,,,,,,,,,,,,,,,,,,,
6/18/2000,,,22.2,,,,,,,,,,,,,,,,,,,,,
6/18/2000,,,22.2,,,,,,,,,,,,,,,,,,,,,
6/18/2000,,,21.1,,,,,,,,,,,,,,,,,,,,,
6/18/2000,,,20,,,,,,,,,,,,,,,,,,,,,
6/18/2000,,,18.3,,,,,,,,,,,,,,,,,,,,,
6/18/2000,,,16.1,,,,,,,,,,,,,,,,,,,,,
6/18/2000,,,17.2,,,,,,,,,,,,,,,,,,,,,
6/18/2000,,,16,,,,,,,,,,,,,,,,,,,,,
6/19/2000,,,16.1,,,,,,,,,,,,,,,,,,,,,
6/19/2000,,,15,,,,,,,,,,,,,,,,,,,,,
6/19/2000,,,15,,,,,,,,,,,,,,,,,,,,,
6/19/2000,,,13.9,,,,,,,,,,,,,,,,,,,,,
6/19/2000,,,13.3,,,,,,,,,,,,,,,,,,,,,
6/19/2000,,,13.9,,,,,,,,,,,,,,,,,,,,,
6/19/2000,,,16.1,,,,,,,,,,,,,,,,,,,,,
6/19/2000,,,17.8,,,,,,,,,,,,,,,,,,,,,
6/19/2000,,,20,,,,,,,,,,,,,,,,,,,,,
6/19/2000,,,21.7,,,,,,,,,,,,,,,,,,,,,
6/19/2000,,,22.8,,,,,,,,,,,,,,,,,,,,,
6/19/2000,,,23.3,,,,,,,,,,,,,,,,,,,,,
6/19/2000,,,24.4,,,,,,,,,,,,,,,,,,,,,
6/19/2000,,,25,,,,,,,,,,,,,,,,,,,,,
6/19/2000,,,26.1,,,,,,,,,,,,,,,,,,,,,
6/19/2000,,,26.1,,,,,,,,,,,,,,,,,,,,,
6/19/2000,,,26.1,,,,,,,,,,,,,,,,,,,,,
6/19/2000,,,26.1,,,,,,,,,,,,,,,,,,,,,
6/19/2000,,,25.6,,,,,,,,,,,,,,,,,,,,,
6/19/2000,,,23.3,,,,,,,,,,,,,,,,,,,,,
6/19/2000,,,21.1,,,,,,,,,,,,,,,,,,,,,
6/19/2000,,,20.6,,,,,,,,,,,,,,,,,,,,,
6/19/2000,,,18.9,,,,,,,,,,,,,,,,,,,,,
6/19/2000,,,18.3,,,,,,,,,,,,,,,,,,,,,
6/20/2000,,,17.8,,,,,,,,,,,,,,,,,,,,,
6/20/2000,,,17.8,,,,,,,,,,,,,,,,,,,,,
6/20/2000,,,18.3,,,,,,,,,,,,,,,,,,,,,
6/20/2000,,,18.3,,,,,,,,,,,,,,,,,,,,,
6/20/2000,,,18.9,,,,,,,,,,,,,,,,,,,,,
6/20/2000,,,19.4,,,,,,,,,,,,,,,,,,,,,
6/20/2000,,,20,,,,,,,,,,,,,,,,,,,,,
6/20/2000,,,21.1,,,,,,,,,,,,,,,,,,,,,
6/20/2000,,,22.8,,,,,,,,,,,,,,,,,,,,,
6/20/2000,,,23.9,,,,,,,,,,,,,,,,,,,,,
6/20/2000,,,24.4,,,,,,,,,,,,,,,,,,,,,
6/20/2000,,,25,,,,,,,,,,,,,,,,,,,,,
6/20/2000,,,26.7,,,,,,,,,,,,,,,,,,,,,
6/20/2000,,,28.9,,,,,,,,,,,,,,,,,,,,,
6/20/2000,,,27.8,,,,,,,,,,,,,,,,,,,,,
6/20/2000,,,21.1,,,,,,,,,,,,,,,,,,,,,
6/20/2000,,,23.3,,,,,,,,,,,,,,,,,,,,,
6/20/2000,,,23.3,,,,,,,,,,,,,,,,,,,,,
6/20/2000,,,23.3,,,,,,,,,,,,,,,,,,,,,
6/20/2000,,,23.9,,,,,,,,,,,,,,,,,,,,,
6/20/2000,,,22.2,,,,,,,,,,,,,,,,,,,,,
6/20/2000,,,23.9,,,,,,,,,,,,,,,,,,,,,
6/20/2000,,,24.4,,,,,,,,,,,,,,,,,,,,,
6/20/2000,,,20.6,,,,,,,,,,,,,,,,,,,,,
6/21/2000,,,20,,,,,,,,,,,,,,,,,,,,,
6/21/2000,,,20,,,,,,,,,,,,,,,,,,,,,
6/21/2000,,,19.4,,,,,,,,,,,,,,,,,,,,,
6/21/2000,,,19.4,,,,,,,,,,,,,,,,,,,,,
6/21/2000,,,19.4,,,,,,,,,,,,,,,,,,,,,
6/21/2000,,,20,,,,,,,,,,,,,,,,,,,,,
6/21/2000,,,20.6,,,,,,,,,,,,,,,,,,,,,
6/21/2000,,,20.6,,,,,,,,,,,,,,,,,,,,,
6/21/2000,,,21.1,,,,,,,,,,,,,,,,,,,,,
6/21/2000,,,21.7,,,,,,,,,,,,,,,,,,,,,
6/21/2000,,,23.3,,,,,,,,,,,,,,,,,,,,,
6/21/2000,,,24.4,,,,,,,,,,,,,,,,,,,,,
6/21/2000,,,24.4,,,,,,,,,,,,,,,,,,,,,
6/21/2000,,,26,,,,,,,,,,,,,,,,,,,,,
6/21/2000,,,25,,,,,,,,,,,,,,,,,,,,,
6/21/2000,,,25,,,,,,,,,,,,,,,,,,,,,
6/21/2000,,,26.1,,,,,,,,,,,,,,,,,,,,,
6/21/2000,,,25,,,,,,,,,,,,,,,,,,,,,
6/21/2000,,,18.9,,,,,,,,,,,,,,,,,,,,,
6/21/2000,,,20.6,,,,,,,,,,,,,,,,,,,,,
6/21/2000,,,20,,,,,,,,,,,,,,,,,,,,,
6/21/2000,,,19.4,,,,,,,,,,,,,,,,,,,,,
6/21/2000,,,18.9,,,,,,,,,,,,,,,,,,,,,
6/21/2000,,,18.3,,,,,,,,,,,,,,,,,,,,,
6/22/2000,,,17.8,,,,,,,,,,,,,,,,,,,,,
6/22/2000,,,17.8,,,,,,,,,,,,,,,,,,,,,
6/22/2000,,,17.8,,,,,,,,,,,,,,,,,,,,,
6/22/2000,,,17.8,,,,,,,,,,,,,,,,,,,,,
6/22/2000,,,18.3,,,,,,,,,,,,,,,,,,,,,
6/22/2000,,,18.3,,,,,,,,,,,,,,,,,,,,,
6/22/2000,,,20,,,,,,,,,,,,,,,,,,,,,
6/22/2000,,,21.7,,,,,,,,,,,,,,,,,,,,,
6/22/2000,,,22.8,,,,,,,,,,,,,,,,,,,,,
6/22/2000,,,24.4,,,,,,,,,,,,,,,,,,,,,
6/22/2000,,,25.6,,,,,,,,,,,,,,,,,,,,,
6/22/2000,,,26.7,,,,,,,,,,,,,,,,,,,,,
6/22/2000,,,27.2,,,,,,,,,,,,,,,,,,,,,
6/22/2000,,,27.8,,,,,,,,,,,,,,,,,,,,,
6/22/2000,,,28.3,,,,,,,,,,,,,,,,,,,,,
6/22/2000,,,28.3,,,,,,,,,,,,,,,,,,,,,
6/22/2000,,,27.8,,,,,,,,,,,,,,,,,,,,,
6/22/2000,,,27.8,,,,,,,,,,,,,,,,,,,,,
6/22/2000,,,26.7,,,,,,,,,,,,,,,,,,,,,
6/22/2000,,,24.4,,,,,,,,,,,,,,,,,,,,,
6/22/2000,,,22.8,,,,,,,,,,,,,,,,,,,,,
6/22/2000,,,20,,,,,,,,,,,,,,,,,,,,,
6/22/2000,,,18.3,,,,,,,,,,,,,,,,,,,,,
6/22/2000,,,19.4,,,,,,,,,,,,,,,,,,,,,
6/23/2000,,,16.7,,,,,,,,,,,,,,,,,,,,,
6/23/2000,,,16.7,,,,,,,,,,,,,,,,,,,,,
6/23/2000,,,15.6,,,,,,,,,,,,,,,,,,,,,
6/23/2000,,,15,,,,,,,,,,,,,,,,,,,,,
6/23/2000,,,15,,,,,,,,,,,,,,,,,,,,,
6/23/2000,,,15.6,,,,,,,,,,,,,,,,,,,,,
6/23/2000,,,17.8,,,,,,,,,,,,,,,,,,,,,
6/23/2000,,,20.6,,,,,,,,,,,,,,,,,,,,,
6/23/2000,,,23.3,,,,,,,,,,,,,,,,,,,,,
6/23/2000,,,26.1,,,,,,,,,,,,,,,,,,,,,
6/23/2000,,,27.8,,,,,,,,,,,,,,,,,,,,,
6/23/2000,,,28.3,,,,,,,,,,,,,,,,,,,,,
6/23/2000,,,28.9,,,,,,,,,,,,,,,,,,,,,
6/23/2000,,,29.4,,,,,,,,,,,,,,,,,,,,,
6/23/2000,,,30,,,,,,,,,,,,,,,,,,,,,
6/23/2000,,,30.6,,,,,,,,,,,,,,,,,,,,,
6/23/2000,,,29.4,,,,,,,,,,,,,,,,,,,,,
6/23/2000,,,28.9,,,,,,,,,,,,,,,,,,,,,
6/23/2000,,,27.8,,,,,,,,,,,,,,,,,,,,,
6/23/2000,,,27.2,,,,,,,,,,,,,,,,,,,,,
6/23/2000,,,19,,,,,,,,,,,,,,,,,,,,,
6/23/2000,,,19.4,,,,,,,,,,,,,,,,,,,,,
6/23/2000,,,19.4,,,,,,,,,,,,,,,,,,,,,
6/23/2000,,,19.4,,,,,,,,,,,,,,,,,,,,,
6/24/2000,,,19.4,,,,,,,,,,,,,,,,,,,,,
6/24/2000,,,19.4,,,,,,,,,,,,,,,,,,,,,
6/24/2000,,,19.4,,,,,,,,,,,,,,,,,,,,,
6/24/2000,,,20,,,,,,,,,,,,,,,,,,,,,
6/24/2000,,,20,,,,,,,,,,,,,,,,,,,,,
6/24/2000,,,19.4,,,,,,,,,,,,,,,,,,,,,
6/24/2000,,,20,,,,,,,,,,,,,,,,,,,,,
6/24/2000,,,21.1,,,,,,,,,,,,,,,,,,,,,
6/24/2000,,,22.2,,,,,,,,,,,,,,,,,,,,,
6/24/2000,,,23.9,,,,,,,,,,,,,,,,,,,,,
6/24/2000,,,25,,,,,,,,,,,,,,,,,,,,,
6/24/2000,,,25.6,,,,,,,,,,,,,,,,,,,,,
6/24/2000,,,26.7,,,,,,,,,,,,,,,,,,,,,
6/24/2000,,,26.7,,,,,,,,,,,,,,,,,,,,,
6/24/2000,,,27.2,,,,,,,,,,,,,,,,,,,,,
6/24/2000,,,26.1,,,,,,,,,,,,,,,,,,,,,
6/24/2000,,,23,,,,,,,,,,,,,,,,,,,,,
6/24/2000,,,23.3,,,,,,,,,,,,,,,,,,,,,
6/24/2000,,,22.2,,,,,,,,,,,,,,,,,,,,,
6/24/2000,,,22.2,,,,,,,,,,,,,,,,,,,,,
6/24/2000,,,22.8,,,,,,,,,,,,,,,,,,,,,
6/24/2000,,,22.8,,,,,,,,,,,,,,,,,,,,,
6/24/2000,,,23,,,,,,,,,,,,,,,,,,,,,
6/24/2000,,,22.8,,,,,,,,,,,,,,,,,,,,,
6/25/2000,,,21.1,,,,,,,,,,,,,,,,,,,,,
6/25/2000,,,20.6,,,,,,,,,,,,,,,,,,,,,
6/25/2000,,,20.6,,,,,,,,,,,,,,,,,,,,,
6/25/2000,,,20,,,,,,,,,,,,,,,,,,,,,
6/25/2000,,,19,,,,,,,,,,,,,,,,,,,,,
6/25/2000,,,20,,,,,,,,,,,,,,,,,,,,,
6/25/2000,,,20,,,,,,,,,,,,,,,,,,,,,
6/25/2000,,,21.1,,,,,,,,,,,,,,,,,,,,,
6/25/2000,,,22.2,,,,,,,,,,,,,,,,,,,,,
6/25/2000,,,23.9,,,,,,,,,,,,,,,,,,,,,
6/25/2000,,,25,,,,,,,,,,,,,,,,,,,,,
6/25/2000,,,26.1,,,,,,,,,,,,,,,,,,,,,
6/25/2000,,,27.8,,,,,,,,,,,,,,,,,,,,,
6/25/2000,,,27.8,,,,,,,,,,,,,,,,,,,,,
6/25/2000,,,27.8,,,,,,,,,,,,,,,,,,,,,
6/25/2000,,,27.8,,,,,,,,,,,,,,,,,,,,,
6/25/2000,,,28.3,,,,,,,,,,,,,,,,,,,,,
6/25/2000,,,28.3,,,,,,,,,,,,,,,,,,,,,
6/25/2000,,,27.2,,,,,,,,,,,,,,,,,,,,,
6/25/2000,,,26.1,,,,,,,,,,,,,,,,,,,,,
6/25/2000,,,23.9,,,,,,,,,,,,,,,,,,,,,
6/25/2000,,,22.8,,,,,,,,,,,,,,,,,,,,,
6/25/2000,,,21.7,,,,,,,,,,,,,,,,,,,,,
6/25/2000,,,20.6,,,,,,,,,,,,,,,,,,,,,
6/26/2000,,,20,,,,,,,,,,,,,,,,,,,,,
6/26/2000,,,20,,,,,,,,,,,,,,,,,,,,,
6/26/2000,,,19.4,,,,,,,,,,,,,,,,,,,,,
6/26/2000,,,20,,,,,,,,,,,,,,,,,,,,,
6/26/2000,,,21.1,,,,,,,,,,,,,,,,,,,,,
6/26/2000,,,21.1,,,,,,,,,,,,,,,,,,,,,
6/26/2000,,,22.2,,,,,,,,,,,,,,,,,,,,,
6/26/2000,,,22.2,,,,,,,,,,,,,,,,,,,,,
6/26/2000,,,23.3,,,,,,,,,,,,,,,,,,,,,
6/26/2000,,,23.3,,,,,,,,,,,,,,,,,,,,,
6/26/2000,,,23.3,,,,,,,,,,,,,,,,,,,,,
6/26/2000,,,25,,,,,,,,,,,,,,,,,,,,,
6/26/2000,,,25,,,,,,,,,,,,,,,,,,,,,
6/26/2000,,,25,,,,,,,,,,,,,,,,,,,,,
6/26/2000,,,25.6,,,,,,,,,,,,,,,,,,,,,
6/26/2000,,,26.1,,,,,,,,,,,,,,,,,,,,,
6/26/2000,,,26.1,,,,,,,,,,,,,,,,,,,,,
6/26/2000,,,26.1,,,,,,,,,,,,,,,,,,,,,
6/26/2000,,,26.1,,,,,,,,,,,,,,,,,,,,,
6/26/2000,,,24.4,,,,,,,,,,,,,,,,,,,,,
6/26/2000,,,22.2,,,,,,,,,,,,,,,,,,,,,
6/26/2000,,,21.1,,,,,,,,,,,,,,,,,,,,,
6/26/2000,,,20,,,,,,,,,,,,,,,,,,,,,
6/26/2000,,,18.9,,,,,,,,,,,,,,,,,,,,,
6/27/2000,,,18.9,,,,,,,,,,,,,,,,,,,,,
6/27/2000,,,18.9,,,,,,,,,,,,,,,,,,,,,
6/27/2000,,,17.8,,,,,,,,,,,,,,,,,,,,,
6/27/2000,,,16.7,,,,,,,,,,,,,,,,,,,,,
6/27/2000,,,16,,,,,,,,,,,,,,,,,,,,,
6/27/2000,,,16.1,,,,,,,,,,,,,,,,,,,,,
6/27/2000,,,17.2,,,,,,,,,,,,,,,,,,,,,
6/27/2000,,,20.6,,,,,,,,,,,,,,,,,,,,,
6/27/2000,,,22.2,,,,,,,,,,,,,,,,,,,,,
6/27/2000,,,23.9,,,,,,,,,,,,,,,,,,,,,
6/27/2000,,,23.3,,,,,,,,,,,,,,,,,,,,,
6/27/2000,,,23.3,,,,,,,,,,,,,,,,,,,,,
6/27/2000,,,23.3,,,,,,,,,,,,,,,,,,,,,
6/27/2000,,,23.3,,,,,,,,,,,,,,,,,,,,,
6/27/2000,,,23.3,,,,,,,,,,,,,,,,,,,,,
6/27/2000,,,23.9,,,,,,,,,,,,,,,,,,,,,
6/27/2000,,,23.3,,,,,,,,,,,,,,,,,,,,,
6/27/2000,,,23.3,,,,,,,,,,,,,,,,,,,,,
6/27/2000,,,22.8,,,,,,,,,,,,,,,,,,,,,
6/27/2000,,,21.1,,,,,,,,,,,,,,,,,,,,,
6/27/2000,,,20,,,,,,,,,,,,,,,,,,,,,
6/27/2000,,,18.9,,,,,,,,,,,,,,,,,,,,,
6/27/2000,,,17.8,,,,,,,,,,,,,,,,,,,,,
6/27/2000,,,15.6,,,,,,,,,,,,,,,,,,,,,
6/28/2000,,,15,,,,,,,,,,,,,,,,,,,,,
6/28/2000,,,14.4,,,,,,,,,,,,,,,,,,,,,
6/28/2000,,,13.9,,,,,,,,,,,,,,,,,,,,,
6/28/2000,,,14.4,,,,,,,,,,,,,,,,,,,,,
6/28/2000,,,14.4,,,,,,,,,,,,,,,,,,,,,
6/28/2000,,,15,,,,,,,,,,,,,,,,,,,,,
6/28/2000,,,15.6,,,,,,,,,,,,,,,,,,,,,
6/28/2000,,,16.7,,,,,,,,,,,,,,,,,,,,,
6/28/2000,,,18.9,,,,,,,,,,,,,,,,,,,,,
6/28/2000,,,20,,,,,,,,,,,,,,,,,,,,,
6/28/2000,,,22.2,,,,,,,,,,,,,,,,,,,,,
6/28/2000,,,23.3,,,,,,,,,,,,,,,,,,,,,
6/28/2000,,,23.3,,,,,,,,,,,,,,,,,,,,,
6/28/2000,,,23.3,,,,,,,,,,,,,,,,,,,,,
6/28/2000,,,24.4,,,,,,,,,,,,,,,,,,,,,
6/28/2000,,,25,,,,,,,,,,,,,,,,,,,,,
6/28/2000,,,23.9,,,,,,,,,,,,,,,,,,,,,
6/28/2000,,,24.4,,,,,,,,,,,,,,,,,,,,,
6/28/2000,,,22.2,,,,,,,,,,,,,,,,,,,,,
6/28/2000,,,21.1,,,,,,,,,,,,,,,,,,,,,
6/28/2000,,,20,,,,,,,,,,,,,,,,,,,,,
6/28/2000,,,18.9,,,,,,,,,,,,,,,,,,,,,
6/28/2000,,,18.3,,,,,,,,,,,,,,,,,,,,,
6/28/2000,,,17.8,,,,,,,,,,,,,,,,,,,,,
6/29/2000,,,16.7,,,,,,,,,,,,,,,,,,,,,
6/29/2000,,,16.1,,,,,,,,,,,,,,,,,,,,,
6/29/2000,,,15.6,,,,,,,,,,,,,,,,,,,,,
6/29/2000,,,15.6,,,,,,,,,,,,,,,,,,,,,
6/29/2000,,,14,,,,,,,,,,,,,,,,,,,,,
6/29/2000,,,14,,,,,,,,,,,,,,,,,,,,,
6/29/2000,,,15.6,,,,,,,,,,,,,,,,,,,,,
6/29/2000,,,17.8,,,,,,,,,,,,,,,,,,,,,
6/29/2000,,,19.4,,,,,,,,,,,,,,,,,,,,,
6/29/2000,,,21.1,,,,,,,,,,,,,,,,,,,,,
6/29/2000,,,22.2,,,,,,,,,,,,,,,,,,,,,
6/29/2000,,,23.3,,,,,,,,,,,,,,,,,,,,,
6/29/2000,,,24.4,,,,,,,,,,,,,,,,,,,,,
6/29/2000,,,23.3,,,,,,,,,,,,,,,,,,,,,
6/29/2000,,,25,,,,,,,,,,,,,,,,,,,,,
6/29/2000,,,25,,,,,,,,,,,,,,,,,,,,,
6/29/2000,,,24.4,,,,,,,,,,,,,,,,,,,,,
6/29/2000,,,23.9,,,,,,,,,,,,,,,,,,,,,
6/29/2000,,,22.8,,,,,,,,,,,,,,,,,,,,,
6/29/2000,,,20,,,,,,,,,,,,,,,,,,,,,
6/29/2000,,,18.3,,,,,,,,,,,,,,,,,,,,,
6/29/2000,,,17.2,,,,,,,,,,,,,,,,,,,,,
6/29/2000,,,15,,,,,,,,,,,,,,,,,,,,,
6/29/2000,,,13.9,,,,,,,,,,,,,,,,,,,,,
6/30/2000,,,13.3,,,,,,,,,,,,,,,,,,,,,
6/30/2000,,,12.8,,,,,,,,,,,,,,,,,,,,,
6/30/2000,,,12.2,,,,,,,,,,,,,,,,,,,,,
6/30/2000,,,12.8,,,,,,,,,,,,,,,,,,,,,
6/30/2000,,,12.8,,,,,,,,,,,,,,,,,,,,,
6/30/2000,,,12.8,,,,,,,,,,,,,,,,,,,,,
6/30/2000,,,13.9,,,,,,,,,,,,,,,,,,,,,
6/30/2000,,,16.1,,,,,,,,,,,,,,,,,,,,,
6/30/2000,,,20,,,,,,,,,,,,,,,,,,,,,
6/30/2000,,,21.1,,,,,,,,,,,,,,,,,,,,,
6/30/2000,,,22.8,,,,,,,,,,,,,,,,,,,,,
6/30/2000,,,23.3,,,,,,,,,,,,,,,,,,,,,
6/30/2000,,,24.4,,,,,,,,,,,,,,,,,,,,,
6/30/2000,,,24.4,,,,,,,,,,,,,,,,,,,,,
6/30/2000,,,24.4,,,,,,,,,,,,,,,,,,,,,
6/30/2000,,,25.6,,,,,,,,,,,,,,,,,,,,,
6/30/2000,,,25.6,,,,,,,,,,,,,,,,,,,,,
6/30/2000,,,25,,,,,,,,,,,,,,,,,,,,,
6/30/2000,,,23.9,,,,,,,,,,,,,,,,,,,,,
6/30/2000,,,22.8,,,,,,,,,,,,,,,,,,,,,
6/30/2000,,,19.4,,,,,,,,,,,,,,,,,,,,,
6/30/2000,,,19.3,,,,,,,,,,,,,,,,,,,,,
6/30/2000,,,19.3,,,,,,,,,,,,,,,,,,,,,
6/30/2000,,,19.2,,,,,,,,,,,,,,,,,,,,,
7/1/1997,,,19.2,,,,,,,,,,,,,,,,,,,,,
7/1/1997,,,19.1,,,,,,,,,,,,,,,,,,,,,
7/1/1997,,,19.1,,,,,,,,,,,,,,,,,,,,,
7/1/1997,,,19,,,,,,,,,,,,,,,,,,,,,
7/1/1997,,,19,,,,,,,,,,,,,,,,,,,,,
7/1/1997,,,19,,,,,,,,,,,,,,,,,,,,,
7/1/1997,,,20,,,,,,,,,,,,,,,,,,,,,
7/1/1997,,,22,,,,,,,,,,,,,,,,,,,,,
7/1/1997,,,24,,,,,,,,,,,,,,,,,,,,,
7/1/1997,,,26,,,,,,,,,,,,,,,,,,,,,
7/1/1997,,,27,,,,,,,,,,,,,,,,,,,,,
7/1/1997,,,29,,,,,,,,,,,,,,,,,,,,,
7/1/1997,,,30,,,,,,,,,,,,,,,,,,,,,
7/1/1997,,,30.7,,,,,,,,,,,,,,,,,,,,,
7/1/1997,,,31,,,,,,,,,,,,,,,,,,,,,
7/1/1997,,,31,,,,,,,,,,,,,,,,,,,,,
7/1/1997,,,31,,,,,,,,,,,,,,,,,,,,,
7/1/1997,,,32,,,,,,,,,,,,,,,,,,,,,
7/1/1997,,,31,,,,,,,,,,,,,,,,,,,,,
7/1/1997,,,29,,,,,,,,,,,,,,,,,,,,,
7/1/1997,,,25,,,,,,,,,,,,,,,,,,,,,
7/1/1997,,,26,,,,,,,,,,,,,,,,,,,,,
7/1/1997,,,24,,,,,,,,,,,,,,,,,,,,,
7/1/1997,,,23.5,,,,,,,,,,,,,,,,,,,,,
7/2/1997,,,23,,,,,,,,,,,,,,,,,,,,,
7/2/1997,,,24,,,,,,,,,,,,,,,,,,,,,
7/2/1997,,,25,,,,,,,,,,,,,,,,,,,,,
7/2/1997,,,25,,,,,,,,,,,,,,,,,,,,,
7/2/1997,,,25,,,,,,,,,,,,,,,,,,,,,
7/2/1997,,,25,,,,,,,,,,,,,,,,,,,,,
7/2/1997,,,25,,,,,,,,,,,,,,,,,,,,,
7/2/1997,,,27,,,,,,,,,,,,,,,,,,,,,
7/2/1997,,,28,,,,,,,,,,,,,,,,,,,,,
7/2/1997,,,30,,,,,,,,,,,,,,,,,,,,,
7/2/1997,,,29,,,,,,,,,,,,,,,,,,,,,
7/2/1997,,,31,,,,,,,,,,,,,,,,,,,,,
7/2/1997,,,30,,,,,,,,,,,,,,,,,,,,,
7/2/1997,,,31,,,,,,,,,,,,,,,,,,,,,
7/2/1997,,,33,,,,,,,,,,,,,,,,,,,,,
7/2/1997,,,34,,,,,,,,,,,,,,,,,,,,,
7/2/1997,,,34,,,,,,,,,,,,,,,,,,,,,
7/2/1997,,,33,,,,,,,,,,,,,,,,,,,,,
7/2/1997,,,31,,,,,,,,,,,,,,,,,,,,,
7/2/1997,,,29,,,,,,,,,,,,,,,,,,,,,
7/2/1997,,,27,,,,,,,,,,,,,,,,,,,,,
7/2/1997,,,24.9,,,,,,,,,,,,,,,,,,,,,
7/2/1997,,,23,,,,,,,,,,,,,,,,,,,,,
7/2/1997,,,22,,,,,,,,,,,,,,,,,,,,,
7/3/1997,,,19,,,,,,,,,,,,,,,,,,,,,
7/3/1997,,,18,,,,,,,,,,,,,,,,,,,,,
7/3/1997,,,17,,,,,,,,,,,,,,,,,,,,,
7/3/1997,,,18,,,,,,,,,,,,,,,,,,,,,
7/3/1997,,,18,,,,,,,,,,,,,,,,,,,,,
7/3/1997,,,18,,,,,,,,,,,,,,,,,,,,,
7/3/1997,,,19,,,,,,,,,,,,,,,,,,,,,
7/3/1997,,,20,,,,,,,,,,,,,,,,,,,,,
7/3/1997,,,22,,,,,,,,,,,,,,,,,,,,,
7/3/1997,,,23,,,,,,,,,,,,,,,,,,,,,
7/3/1997,,,24,,,,,,,,,,,,,,,,,,,,,
7/3/1997,,,25,,,,,,,,,,,,,,,,,,,,,
7/3/1997,,,25,,,,,,,,,,,,,,,,,,,,,
7/3/1997,,,24,,,,,,,,,,,,,,,,,,,,,
7/3/1997,,,24,,,,,,,,,,,,,,,,,,,,,
7/3/1997,,,25,,,,,,,,,,,,,,,,,,,,,
7/3/1997,,,23,,,,,,,,,,,,,,,,,,,,,
7/3/1997,,,21,,,,,,,,,,,,,,,,,,,,,
7/3/1997,,,20,,,,,,,,,,,,,,,,,,,,,
7/3/1997,,,18,,,,,,,,,,,,,,,,,,,,,
7/3/1997,,,17,,,,,,,,,,,,,,,,,,,,,
7/3/1997,,,17,,,,,,,,,,,,,,,,,,,,,
7/3/1997,,,17,,,,,,,,,,,,,,,,,,,,,
7/3/1997,,,17,,,,,,,,,,,,,,,,,,,,,
7/4/1997,,,17,,,,,,,,,,,,,,,,,,,,,
7/4/1997,,,17,,,,,,,,,,,,,,,,,,,,,
7/4/1997,,,16,,,,,,,,,,,,,,,,,,,,,
7/4/1997,,,16,,,,,,,,,,,,,,,,,,,,,
7/4/1997,,,15,,,,,,,,,,,,,,,,,,,,,
7/4/1997,,,15,,,,,,,,,,,,,,,,,,,,,
7/4/1997,,,15,,,,,,,,,,,,,,,,,,,,,
7/4/1997,,,17,,,,,,,,,,,,,,,,,,,,,
7/4/1997,,,18,,,,,,,,,,,,,,,,,,,,,
7/4/1997,,,19,,,,,,,,,,,,,,,,,,,,,
7/4/1997,,,20,,,,,,,,,,,,,,,,,,,,,
7/4/1997,,,19,,,,,,,,,,,,,,,,,,,,,
7/4/1997,,,20,,,,,,,,,,,,,,,,,,,,,
7/4/1997,,,20,,,,,,,,,,,,,,,,,,,,,
7/4/1997,,,20,,,,,,,,,,,,,,,,,,,,,
7/4/1997,,,16,,,,,,,,,,,,,,,,,,,,,
7/4/1997,,,16,,,,,,,,,,,,,,,,,,,,,
7/4/1997,,,18,,,,,,,,,,,,,,,,,,,,,
7/4/1997,,,18,,,,,,,,,,,,,,,,,,,,,
7/4/1997,,,17,,,,,,,,,,,,,,,,,,,,,
7/4/1997,,,16,,,,,,,,,,,,,,,,,,,,,
7/4/1997,,,15,,,,,,,,,,,,,,,,,,,,,
7/4/1997,,,15,,,,,,,,,,,,,,,,,,,,,
7/4/1997,,,15,,,,,,,,,,,,,,,,,,,,,
7/5/1997,,,15,,,,,,,,,,,,,,,,,,,,,
7/5/1997,,,14,,,,,,,,,,,,,,,,,,,,,
7/5/1997,,,13,,,,,,,,,,,,,,,,,,,,,
7/5/1997,,,12,,,,,,,,,,,,,,,,,,,,,
7/5/1997,,,11,,,,,,,,,,,,,,,,,,,,,
7/5/1997,,,12,,,,,,,,,,,,,,,,,,,,,
7/5/1997,,,14,,,,,,,,,,,,,,,,,,,,,
7/5/1997,,,19,,,,,,,,,,,,,,,,,,,,,
7/5/1997,,,20.1,,,,,,,,,,,,,,,,,,,,,
7/5/1997,,,21,,,,,,,,,,,,,,,,,,,,,
7/5/1997,,,23,,,,,,,,,,,,,,,,,,,,,
7/5/1997,,,24,,,,,,,,,,,,,,,,,,,,,
7/5/1997,,,24,,,,,,,,,,,,,,,,,,,,,
7/5/1997,,,25,,,,,,,,,,,,,,,,,,,,,
7/5/1997,,,24,,,,,,,,,,,,,,,,,,,,,
7/5/1997,,,26,,,,,,,,,,,,,,,,,,,,,
7/5/1997,,,26,,,,,,,,,,,,,,,,,,,,,
7/5/1997,,,25,,,,,,,,,,,,,,,,,,,,,
7/5/1997,,,24,,,,,,,,,,,,,,,,,,,,,
7/5/1997,,,22,,,,,,,,,,,,,,,,,,,,,
7/5/1997,,,18,,,,,,,,,,,,,,,,,,,,,
7/5/1997,,,16,,,,,,,,,,,,,,,,,,,,,
7/5/1997,,,15,,,,,,,,,,,,,,,,,,,,,
7/5/1997,,,15,,,,,,,,,,,,,,,,,,,,,
7/6/1997,,,14,,,,,,,,,,,,,,,,,,,,,
7/6/1997,,,13,,,,,,,,,,,,,,,,,,,,,
7/6/1997,,,12,,,,,,,,,,,,,,,,,,,,,
7/6/1997,,,12,,,,,,,,,,,,,,,,,,,,,
7/6/1997,,,13,,,,,,,,,,,,,,,,,,,,,
7/6/1997,,,14,,,,,,,,,,,,,,,,,,,,,
7/6/1997,,,16,,,,,,,,,,,,,,,,,,,,,
7/6/1997,,,19,,,,,,,,,,,,,,,,,,,,,
7/6/1997,,,22,,,,,,,,,,,,,,,,,,,,,
7/6/1997,,,24,,,,,,,,,,,,,,,,,,,,,
7/6/1997,,,24,,,,,,,,,,,,,,,,,,,,,
7/6/1997,,,25,,,,,,,,,,,,,,,,,,,,,
7/6/1997,,,26,,,,,,,,,,,,,,,,,,,,,
7/6/1997,,,27,,,,,,,,,,,,,,,,,,,,,
7/6/1997,,,27,,,,,,,,,,,,,,,,,,,,,
7/6/1997,,,27,,,,,,,,,,,,,,,,,,,,,
7/6/1997,,,27,,,,,,,,,,,,,,,,,,,,,
7/6/1997,,,27,,,,,,,,,,,,,,,,,,,,,
7/6/1997,,,25,,,,,,,,,,,,,,,,,,,,,
7/6/1997,,,25,,,,,,,,,,,,,,,,,,,,,
7/6/1997,,,23,,,,,,,,,,,,,,,,,,,,,
7/6/1997,,,23,,,,,,,,,,,,,,,,,,,,,
7/6/1997,,,20,,,,,,,,,,,,,,,,,,,,,
7/6/1997,,,19,,,,,,,,,,,,,,,,,,,,,
7/7/1997,,,20,,,,,,,,,,,,,,,,,,,,,
7/7/1997,,,19,,,,,,,,,,,,,,,,,,,,,
7/7/1997,,,18,,,,,,,,,,,,,,,,,,,,,
7/7/1997,,,17,,,,,,,,,,,,,,,,,,,,,
7/7/1997,,,17,,,,,,,,,,,,,,,,,,,,,
7/7/1997,,,17,,,,,,,,,,,,,,,,,,,,,
7/7/1997,,,19,,,,,,,,,,,,,,,,,,,,,
7/7/1997,,,20,,,,,,,,,,,,,,,,,,,,,
7/7/1997,,,22,,,,,,,,,,,,,,,,,,,,,
7/7/1997,,,25,,,,,,,,,,,,,,,,,,,,,
7/7/1997,,,26,,,,,,,,,,,,,,,,,,,,,
7/7/1997,,,27.2,,,,,,,,,,,,,,,,,,,,,
7/7/1997,,,28,,,,,,,,,,,,,,,,,,,,,
7/7/1997,,,28,,,,,,,,,,,,,,,,,,,,,
7/7/1997,,,29,,,,,,,,,,,,,,,,,,,,,
7/7/1997,,,29.2,,,,,,,,,,,,,,,,,,,,,
7/7/1997,,,29,,,,,,,,,,,,,,,,,,,,,
7/7/1997,,,29.2,,,,,,,,,,,,,,,,,,,,,
7/7/1997,,,29,,,,,,,,,,,,,,,,,,,,,
7/7/1997,,,27,,,,,,,,,,,,,,,,,,,,,
7/7/1997,,,23,,,,,,,,,,,,,,,,,,,,,
7/7/1997,,,23,,,,,,,,,,,,,,,,,,,,,
7/7/1997,,,22,,,,,,,,,,,,,,,,,,,,,
7/7/1997,,,21,,,,,,,,,,,,,,,,,,,,,
7/8/1997,,,21,,,,,,,,,,,,,,,,,,,,,
7/8/1997,,,21,,,,,,,,,,,,,,,,,,,,,
7/8/1997,,,21,,,,,,,,,,,,,,,,,,,,,
7/8/1997,,,22,,,,,,,,,,,,,,,,,,,,,
7/8/1997,,,21,,,,,,,,,,,,,,,,,,,,,
7/8/1997,,,21,,,,,,,,,,,,,,,,,,,,,
7/8/1997,,,22,,,,,,,,,,,,,,,,,,,,,
7/8/1997,,,23.4,,,,,,,,,,,,,,,,,,,,,
7/8/1997,,,25,,,,,,,,,,,,,,,,,,,,,
7/8/1997,,,27,,,,,,,,,,,,,,,,,,,,,
7/8/1997,,,28,,,,,,,,,,,,,,,,,,,,,
7/8/1997,,,29,,,,,,,,,,,,,,,,,,,,,
7/8/1997,,,30,,,,,,,,,,,,,,,,,,,,,
7/8/1997,,,31,,,,,,,,,,,,,,,,,,,,,
7/8/1997,,,31,,,,,,,,,,,,,,,,,,,,,
7/8/1997,,,32,,,,,,,,,,,,,,,,,,,,,
7/8/1997,,,31,,,,,,,,,,,,,,,,,,,,,
7/8/1997,,,31,,,,,,,,,,,,,,,,,,,,,
7/8/1997,,,29.8,,,,,,,,,,,,,,,,,,,,,
7/8/1997,,,28,,,,,,,,,,,,,,,,,,,,,
7/8/1997,,,23,,,,,,,,,,,,,,,,,,,,,
7/8/1997,,,21,,,,,,,,,,,,,,,,,,,,,
7/8/1997,,,21,,,,,,,,,,,,,,,,,,,,,
7/8/1997,,,20.5,,,,,,,,,,,,,,,,,,,,,
7/9/1997,,,20,,,,,,,,,,,,,,,,,,,,,
7/9/1997,,,18,,,,,,,,,,,,,,,,,,,,,
7/9/1997,,,16,,,,,,,,,,,,,,,,,,,,,
7/9/1997,,,16,,,,,,,,,,,,,,,,,,,,,
7/9/1997,,,15,,,,,,,,,,,,,,,,,,,,,
7/9/1997,,,15,,,,,,,,,,,,,,,,,,,,,
7/9/1997,,,15,,,,,,,,,,,,,,,,,,,,,
7/9/1997,,,15,,,,,,,,,,,,,,,,,,,,,
7/9/1997,,,17,,,,,,,,,,,,,,,,,,,,,
7/9/1997,,,18,,,,,,,,,,,,,,,,,,,,,
7/9/1997,,,20,,,,,,,,,,,,,,,,,,,,,
7/9/1997,,,20,,,,,,,,,,,,,,,,,,,,,
7/9/1997,,,22,,,,,,,,,,,,,,,,,,,,,
7/9/1997,,,20,,,,,,,,,,,,,,,,,,,,,
7/9/1997,,,20,,,,,,,,,,,,,,,,,,,,,
7/9/1997,,,22,,,,,,,,,,,,,,,,,,,,,
7/9/1997,,,21,,,,,,,,,,,,,,,,,,,,,
7/9/1997,,,22,,,,,,,,,,,,,,,,,,,,,
7/9/1997,,,21,,,,,,,,,,,,,,,,,,,,,
7/9/1997,,,20,,,,,,,,,,,,,,,,,,,,,
7/9/1997,,,20,,,,,,,,,,,,,,,,,,,,,
7/9/1997,,,20,,,,,,,,,,,,,,,,,,,,,
7/9/1997,,,17,,,,,,,,,,,,,,,,,,,,,
7/9/1997,,,16,,,,,,,,,,,,,,,,,,,,,
7/10/1997,,,16,,,,,,,,,,,,,,,,,,,,,
7/10/1997,,,15,,,,,,,,,,,,,,,,,,,,,
7/10/1997,,,15,,,,,,,,,,,,,,,,,,,,,
7/10/1997,,,15,,,,,,,,,,,,,,,,,,,,,
7/10/1997,,,14,,,,,,,,,,,,,,,,,,,,,
7/10/1997,,,14,,,,,,,,,,,,,,,,,,,,,
7/10/1997,,,17,,,,,,,,,,,,,,,,,,,,,
7/10/1997,,,19,,,,,,,,,,,,,,,,,,,,,
7/10/1997,,,20,,,,,,,,,,,,,,,,,,,,,
7/10/1997,,,22,,,,,,,,,,,,,,,,,,,,,
7/10/1997,,,22,,,,,,,,,,,,,,,,,,,,,
7/10/1997,,,23,,,,,,,,,,,,,,,,,,,,,
7/10/1997,,,24,,,,,,,,,,,,,,,,,,,,,
7/10/1997,,,24.7,,,,,,,,,,,,,,,,,,,,,
7/10/1997,,,25,,,,,,,,,,,,,,,,,,,,,
7/10/1997,,,25,,,,,,,,,,,,,,,,,,,,,
7/10/1997,,,25,,,,,,,,,,,,,,,,,,,,,
7/10/1997,,,25,,,,,,,,,,,,,,,,,,,,,
7/10/1997,,,25,,,,,,,,,,,,,,,,,,,,,
7/10/1997,,,24,,,,,,,,,,,,,,,,,,,,,
7/10/1997,,,22,,,,,,,,,,,,,,,,,,,,,
7/10/1997,,,21,,,,,,,,,,,,,,,,,,,,,
7/10/1997,,,17,,,,,,,,,,,,,,,,,,,,,
7/10/1997,,,20,,,,,,,,,,,,,,,,,,,,,
7/11/1997,,,19,,,,,,,,,,,,,,,,,,,,,
7/11/1997,,,18,,,,,,,,,,,,,,,,,,,,,
7/11/1997,,,16,,,,,,,,,,,,,,,,,,,,,
7/11/1997,,,16,,,,,,,,,,,,,,,,,,,,,
7/11/1997,,,14,,,,,,,,,,,,,,,,,,,,,
7/11/1997,,,16,,,,,,,,,,,,,,,,,,,,,
7/11/1997,,,17,,,,,,,,,,,,,,,,,,,,,
7/11/1997,,,20,,,,,,,,,,,,,,,,,,,,,
7/11/1997,,,22,,,,,,,,,,,,,,,,,,,,,
7/11/1997,,,24,,,,,,,,,,,,,,,,,,,,,
7/11/1997,,,26,,,,,,,,,,,,,,,,,,,,,
7/11/1997,,,26,,,,,,,,,,,,,,,,,,,,,
7/11/1997,,,27,,,,,,,,,,,,,,,,,,,,,
7/11/1997,,,27,,,,,,,,,,,,,,,,,,,,,
7/11/1997,,,28,,,,,,,,,,,,,,,,,,,,,
7/11/1997,,,28,,,,,,,,,,,,,,,,,,,,,
7/11/1997,,,28,,,,,,,,,,,,,,,,,,,,,
7/11/1997,,,28,,,,,,,,,,,,,,,,,,,,,
7/11/1997,,,27,,,,,,,,,,,,,,,,,,,,,
7/11/1997,,,26,,,,,,,,,,,,,,,,,,,,,
7/11/1997,,,20,,,,,,,,,,,,,,,,,,,,,
7/11/1997,,,19,,,,,,,,,,,,,,,,,,,,,
7/11/1997,,,18,,,,,,,,,,,,,,,,,,,,,
7/11/1997,,,17,,,,,,,,,,,,,,,,,,,,,
7/12/1997,,,18,,,,,,,,,,,,,,,,,,,,,
7/12/1997,,,17,,,,,,,,,,,,,,,,,,,,,
7/12/1997,,,17,,,,,,,,,,,,,,,,,,,,,
7/12/1997,,,16,,,,,,,,,,,,,,,,,,,,,
7/12/1997,,,15,,,,,,,,,,,,,,,,,,,,,
7/12/1997,,,15,,,,,,,,,,,,,,,,,,,,,
7/12/1997,,,17,,,,,,,,,,,,,,,,,,,,,
7/12/1997,,,21,,,,,,,,,,,,,,,,,,,,,
7/12/1997,,,25,,,,,,,,,,,,,,,,,,,,,
7/12/1997,,,26,,,,,,,,,,,,,,,,,,,,,
7/12/1997,,,27,,,,,,,,,,,,,,,,,,,,,
7/12/1997,,,29,,,,,,,,,,,,,,,,,,,,,
7/12/1997,,,29,,,,,,,,,,,,,,,,,,,,,
7/12/1997,,,29,,,,,,,,,,,,,,,,,,,,,
7/12/1997,,,30,,,,,,,,,,,,,,,,,,,,,
7/12/1997,,,30,,,,,,,,,,,,,,,,,,,,,
7/12/1997,,,30,,,,,,,,,,,,,,,,,,,,,
7/12/1997,,,29,,,,,,,,,,,,,,,,,,,,,
7/12/1997,,,29,,,,,,,,,,,,,,,,,,,,,
7/12/1997,,,27,,,,,,,,,,,,,,,,,,,,,
7/12/1997,,,22,,,,,,,,,,,,,,,,,,,,,
7/12/1997,,,21,,,,,,,,,,,,,,,,,,,,,
7/12/1997,,,20,,,,,,,,,,,,,,,,,,,,,
7/12/1997,,,22,,,,,,,,,,,,,,,,,,,,,
7/13/1997,,,19,,,,,,,,,,,,,,,,,,,,,
7/13/1997,,,19,,,,,,,,,,,,,,,,,,,,,
7/13/1997,,,19,,,,,,,,,,,,,,,,,,,,,
7/13/1997,,,21,,,,,,,,,,,,,,,,,,,,,
7/13/1997,,,21,,,,,,,,,,,,,,,,,,,,,
7/13/1997,,,21,,,,,,,,,,,,,,,,,,,,,
7/13/1997,,,22,,,,,,,,,,,,,,,,,,,,,
7/13/1997,,,24,,,,,,,,,,,,,,,,,,,,,
7/13/1997,,,26,,,,,,,,,,,,,,,,,,,,,
7/13/1997,,,28,,,,,,,,,,,,,,,,,,,,,
7/13/1997,,,30,,,,,,,,,,,,,,,,,,,,,
7/13/1997,,,31,,,,,,,,,,,,,,,,,,,,,
7/13/1997,,,32,,,,,,,,,,,,,,,,,,,,,
7/13/1997,,,33,,,,,,,,,,,,,,,,,,,,,
7/13/1997,,,34,,,,,,,,,,,,,,,,,,,,,
7/13/1997,,,34,,,,,,,,,,,,,,,,,,,,,
7/13/1997,,,33,,,,,,,,,,,,,,,,,,,,,
7/13/1997,,,33,,,,,,,,,,,,,,,,,,,,,
7/13/1997,,,32,,,,,,,,,,,,,,,,,,,,,
7/13/1997,,,31,,,,,,,,,,,,,,,,,,,,,
7/13/1997,,,29,,,,,,,,,,,,,,,,,,,,,
7/13/1997,,,28,,,,,,,,,,,,,,,,,,,,,
7/13/1997,,,27,,,,,,,,,,,,,,,,,,,,,
7/13/1997,,,27,,,,,,,,,,,,,,,,,,,,,
7/14/1997,,,26,,,,,,,,,,,,,,,,,,,,,
7/14/1997,,,25,,,,,,,,,,,,,,,,,,,,,
7/14/1997,,,25,,,,,,,,,,,,,,,,,,,,,
7/14/1997,,,24,,,,,,,,,,,,,,,,,,,,,
7/14/1997,,,24,,,,,,,,,,,,,,,,,,,,,
7/14/1997,,,24,,,,,,,,,,,,,,,,,,,,,
7/14/1997,,,25,,,,,,,,,,,,,,,,,,,,,
7/14/1997,,,27,,,,,,,,,,,,,,,,,,,,,
7/14/1997,,,29,,,,,,,,,,,,,,,,,,,,,
7/14/1997,,,31,,,,,,,,,,,,,,,,,,,,,
7/14/1997,,,33,,,,,,,,,,,,,,,,,,,,,
7/14/1997,,,34,,,,,,,,,,,,,,,,,,,,,
7/14/1997,,,35,,,,,,,,,,,,,,,,,,,,,
7/14/1997,,,35,,,,,,,,,,,,,,,,,,,,,
7/14/1997,,,30.1,,,,,,,,,,,,,,,,,,,,,
7/14/1997,,,25,,,,,,,,,,,,,,,,,,,,,
7/14/1997,,,24.3,,,,,,,,,,,,,,,,,,,,,
7/14/1997,,,23.4,,,,,,,,,,,,,,,,,,,,,
7/14/1997,,,22,,,,,,,,,,,,,,,,,,,,,
7/14/1997,,,22,,,,,,,,,,,,,,,,,,,,,
7/14/1997,,,21.6,,,,,,,,,,,,,,,,,,,,,
7/14/1997,,,22,,,,,,,,,,,,,,,,,,,,,
7/14/1997,,,21,,,,,,,,,,,,,,,,,,,,,
7/14/1997,,,20,,,,,,,,,,,,,,,,,,,,,
7/15/1997,,,20,,,,,,,,,,,,,,,,,,,,,
7/15/1997,,,19,,,,,,,,,,,,,,,,,,,,,
7/15/1997,,,19,,,,,,,,,,,,,,,,,,,,,
7/15/1997,,,18,,,,,,,,,,,,,,,,,,,,,
7/15/1997,,,17.9,,,,,,,,,,,,,,,,,,,,,
7/15/1997,,,18,,,,,,,,,,,,,,,,,,,,,
7/15/1997,,,20,,,,,,,,,,,,,,,,,,,,,
7/15/1997,,,23,,,,,,,,,,,,,,,,,,,,,
7/15/1997,,,25,,,,,,,,,,,,,,,,,,,,,
7/15/1997,,,27,,,,,,,,,,,,,,,,,,,,,
7/15/1997,,,28,,,,,,,,,,,,,,,,,,,,,
7/15/1997,,,27,,,,,,,,,,,,,,,,,,,,,
7/15/1997,,,29,,,,,,,,,,,,,,,,,,,,,
7/15/1997,,,29,,,,,,,,,,,,,,,,,,,,,
7/15/1997,,,30,,,,,,,,,,,,,,,,,,,,,
7/15/1997,,,30,,,,,,,,,,,,,,,,,,,,,
7/15/1997,,,31,,,,,,,,,,,,,,,,,,,,,
7/15/1997,,,31,,,,,,,,,,,,,,,,,,,,,
7/15/1997,,,29,,,,,,,,,,,,,,,,,,,,,
7/15/1997,,,27,,,,,,,,,,,,,,,,,,,,,
7/15/1997,,,24,,,,,,,,,,,,,,,,,,,,,
7/15/1997,,,23,,,,,,,,,,,,,,,,,,,,,
7/15/1997,,,22,,,,,,,,,,,,,,,,,,,,,
7/15/1997,,,22,,,,,,,,,,,,,,,,,,,,,
7/16/1997,,,21,,,,,,,,,,,,,,,,,,,,,
7/16/1997,,,20,,,,,,,,,,,,,,,,,,,,,
7/16/1997,,,19,,,,,,,,,,,,,,,,,,,,,
7/16/1997,,,19,,,,,,,,,,,,,,,,,,,,,
7/16/1997,,,19,,,,,,,,,,,,,,,,,,,,,
7/16/1997,,,19,,,,,,,,,,,,,,,,,,,,,
7/16/1997,,,21,,,,,,,,,,,,,,,,,,,,,
7/16/1997,,,23,,,,,,,,,,,,,,,,,,,,,
7/16/1997,,,26,,,,,,,,,,,,,,,,,,,,,
7/16/1997,,,29,,,,,,,,,,,,,,,,,,,,,
7/16/1997,,,30,,,,,,,,,,,,,,,,,,,,,
7/16/1997,,,31,,,,,,,,,,,,,,,,,,,,,
7/16/1997,,,32,,,,,,,,,,,,,,,,,,,,,
7/16/1997,,,32.7,,,,,,,,,,,,,,,,,,,,,
7/16/1997,,,33,,,,,,,,,,,,,,,,,,,,,
7/16/1997,,,33.1,,,,,,,,,,,,,,,,,,,,,
7/16/1997,,,33,,,,,,,,,,,,,,,,,,,,,
7/16/1997,,,32,,,,,,,,,,,,,,,,,,,,,
7/16/1997,,,30.8,,,,,,,,,,,,,,,,,,,,,
7/16/1997,,,29,,,,,,,,,,,,,,,,,,,,,
7/16/1997,,,26,,,,,,,,,,,,,,,,,,,,,
7/16/1997,,,23,,,,,,,,,,,,,,,,,,,,,
7/16/1997,,,23,,,,,,,,,,,,,,,,,,,,,
7/16/1997,,,21,,,,,,,,,,,,,,,,,,,,,
7/17/1997,,,21,,,,,,,,,,,,,,,,,,,,,
7/17/1997,,,21,,,,,,,,,,,,,,,,,,,,,
7/17/1997,,,21,,,,,,,,,,,,,,,,,,,,,
7/17/1997,,,20.4,,,,,,,,,,,,,,,,,,,,,
7/17/1997,,,20,,,,,,,,,,,,,,,,,,,,,
7/17/1997,,,21,,,,,,,,,,,,,,,,,,,,,
7/17/1997,,,22,,,,,,,,,,,,,,,,,,,,,
7/17/1997,,,24,,,,,,,,,,,,,,,,,,,,,
7/17/1997,,,27,,,,,,,,,,,,,,,,,,,,,
7/17/1997,,,29,,,,,,,,,,,,,,,,,,,,,
7/17/1997,,,30,,,,,,,,,,,,,,,,,,,,,
7/17/1997,,,31,,,,,,,,,,,,,,,,,,,,,
7/17/1997,,,31,,,,,,,,,,,,,,,,,,,,,
7/17/1997,,,31.6,,,,,,,,,,,,,,,,,,,,,
7/17/1997,,,31.9,,,,,,,,,,,,,,,,,,,,,
7/17/1997,,,32,,,,,,,,,,,,,,,,,,,,,
7/17/1997,,,33,,,,,,,,,,,,,,,,,,,,,
7/17/1997,,,32,,,,,,,,,,,,,,,,,,,,,
7/17/1997,,,31,,,,,,,,,,,,,,,,,,,,,
7/17/1997,,,29,,,,,,,,,,,,,,,,,,,,,
7/17/1997,,,26,,,,,,,,,,,,,,,,,,,,,
7/17/1997,,,25,,,,,,,,,,,,,,,,,,,,,
7/17/1997,,,24,,,,,,,,,,,,,,,,,,,,,
7/17/1997,,,24,,,,,,,,,,,,,,,,,,,,,
7/18/1997,,,24,,,,,,,,,,,,,,,,,,,,,
7/18/1997,,,23,,,,,,,,,,,,,,,,,,,,,
7/18/1997,,,21,,,,,,,,,,,,,,,,,,,,,
7/18/1997,,,21,,,,,,,,,,,,,,,,,,,,,
7/18/1997,,,20,,,,,,,,,,,,,,,,,,,,,
7/18/1997,,,20,,,,,,,,,,,,,,,,,,,,,
7/18/1997,,,22,,,,,,,,,,,,,,,,,,,,,
7/18/1997,,,25,,,,,,,,,,,,,,,,,,,,,
7/18/1997,,,27,,,,,,,,,,,,,,,,,,,,,
7/18/1997,,,29,,,,,,,,,,,,,,,,,,,,,
7/18/1997,,,30,,,,,,,,,,,,,,,,,,,,,
7/18/1997,,,32,,,,,,,,,,,,,,,,,,,,,
7/18/1997,,,32,,,,,,,,,,,,,,,,,,,,,
7/18/1997,,,32.7,,,,,,,,,,,,,,,,,,,,,
7/18/1997,,,33,,,,,,,,,,,,,,,,,,,,,
7/18/1997,,,31,,,,,,,,,,,,,,,,,,,,,
7/18/1997,,,30,,,,,,,,,,,,,,,,,,,,,
7/18/1997,,,24,,,,,,,,,,,,,,,,,,,,,
7/18/1997,,,21,,,,,,,,,,,,,,,,,,,,,
7/18/1997,,,22,,,,,,,,,,,,,,,,,,,,,
7/18/1997,,,21,,,,,,,,,,,,,,,,,,,,,
7/18/1997,,,21,,,,,,,,,,,,,,,,,,,,,
7/18/1997,,,21,,,,,,,,,,,,,,,,,,,,,
7/18/1997,,,21,,,,,,,,,,,,,,,,,,,,,
7/19/1997,,,21,,,,,,,,,,,,,,,,,,,,,
7/19/1997,,,20,,,,,,,,,,,,,,,,,,,,,
7/19/1997,,,20,,,,,,,,,,,,,,,,,,,,,
7/19/1997,,,19,,,,,,,,,,,,,,,,,,,,,
7/19/1997,,,20,,,,,,,,,,,,,,,,,,,,,
7/19/1997,,,20,,,,,,,,,,,,,,,,,,,,,
7/19/1997,,,22,,,,,,,,,,,,,,,,,,,,,
7/19/1997,,,21.9,,,,,,,,,,,,,,,,,,,,,
7/19/1997,,,22,,,,,,,,,,,,,,,,,,,,,
7/19/1997,,,24,,,,,,,,,,,,,,,,,,,,,
7/19/1997,,,26,,,,,,,,,,,,,,,,,,,,,
7/19/1997,,,29,,,,,,,,,,,,,,,,,,,,,
7/19/1997,,,30,,,,,,,,,,,,,,,,,,,,,
7/19/1997,,,30,,,,,,,,,,,,,,,,,,,,,
7/19/1997,,,30,,,,,,,,,,,,,,,,,,,,,
7/19/1997,,,30,,,,,,,,,,,,,,,,,,,,,
7/19/1997,,,30.1,,,,,,,,,,,,,,,,,,,,,
7/19/1997,,,30,,,,,,,,,,,,,,,,,,,,,
7/19/1997,,,29,,,,,,,,,,,,,,,,,,,,,
7/19/1997,,,27,,,,,,,,,,,,,,,,,,,,,
7/19/1997,,,24,,,,,,,,,,,,,,,,,,,,,
7/19/1997,,,24,,,,,,,,,,,,,,,,,,,,,
7/19/1997,,,25,,,,,,,,,,,,,,,,,,,,,
7/19/1997,,,23,,,,,,,,,,,,,,,,,,,,,
7/20/1997,,,21,,,,,,,,,,,,,,,,,,,,,
7/20/1997,,,23,,,,,,,,,,,,,,,,,,,,,
7/20/1997,,,22,,,,,,,,,,,,,,,,,,,,,
7/20/1997,,,21,,,,,,,,,,,,,,,,,,,,,
7/20/1997,,,20,,,,,,,,,,,,,,,,,,,,,
7/20/1997,,,20,,,,,,,,,,,,,,,,,,,,,
7/20/1997,,,21,,,,,,,,,,,,,,,,,,,,,
7/20/1997,,,23,,,,,,,,,,,,,,,,,,,,,
7/20/1997,,,24,,,,,,,,,,,,,,,,,,,,,
7/20/1997,,,25,,,,,,,,,,,,,,,,,,,,,
7/20/1997,,,27,,,,,,,,,,,,,,,,,,,,,
7/20/1997,,,29,,,,,,,,,,,,,,,,,,,,,
7/20/1997,,,31,,,,,,,,,,,,,,,,,,,,,
7/20/1997,,,32,,,,,,,,,,,,,,,,,,,,,
7/20/1997,,,32,,,,,,,,,,,,,,,,,,,,,
7/20/1997,,,32,,,,,,,,,,,,,,,,,,,,,
7/20/1997,,,32,,,,,,,,,,,,,,,,,,,,,
7/20/1997,,,32,,,,,,,,,,,,,,,,,,,,,
7/20/1997,,,30.8,,,,,,,,,,,,,,,,,,,,,
7/20/1997,,,29,,,,,,,,,,,,,,,,,,,,,
7/20/1997,,,29,,,,,,,,,,,,,,,,,,,,,
7/20/1997,,,27.4,,,,,,,,,,,,,,,,,,,,,
7/20/1997,,,26,,,,,,,,,,,,,,,,,,,,,
7/20/1997,,,25,,,,,,,,,,,,,,,,,,,,,
7/21/1997,,,24,,,,,,,,,,,,,,,,,,,,,
7/21/1997,,,24,,,,,,,,,,,,,,,,,,,,,
7/21/1997,,,23,,,,,,,,,,,,,,,,,,,,,
7/21/1997,,,22,,,,,,,,,,,,,,,,,,,,,
7/21/1997,,,22,,,,,,,,,,,,,,,,,,,,,
7/21/1997,,,22,,,,,,,,,,,,,,,,,,,,,
7/21/1997,,,23,,,,,,,,,,,,,,,,,,,,,
7/21/1997,,,24,,,,,,,,,,,,,,,,,,,,,
7/21/1997,,,26,,,,,,,,,,,,,,,,,,,,,
7/21/1997,,,28,,,,,,,,,,,,,,,,,,,,,
7/21/1997,,,26,,,,,,,,,,,,,,,,,,,,,
7/21/1997,,,27,,,,,,,,,,,,,,,,,,,,,
7/21/1997,,,28,,,,,,,,,,,,,,,,,,,,,
7/21/1997,,,28,,,,,,,,,,,,,,,,,,,,,
7/21/1997,,,29,,,,,,,,,,,,,,,,,,,,,
7/21/1997,,,28,,,,,,,,,,,,,,,,,,,,,
7/21/1997,,,27,,,,,,,,,,,,,,,,,,,,,
7/21/1997,,,27,,,,,,,,,,,,,,,,,,,,,
7/21/1997,,,27,,,,,,,,,,,,,,,,,,,,,
7/21/1997,,,23,,,,,,,,,,,,,,,,,,,,,
7/21/1997,,,21,,,,,,,,,,,,,,,,,,,,,
7/21/1997,,,21,,,,,,,,,,,,,,,,,,,,,
7/21/1997,,,22,,,,,,,,,,,,,,,,,,,,,
7/21/1997,,,22,,,,,,,,,,,,,,,,,,,,,
7/22/1997,,,22,,,,,,,,,,,,,,,,,,,,,
7/22/1997,,,22,,,,,,,,,,,,,,,,,,,,,
7/22/1997,,,22,,,,,,,,,,,,,,,,,,,,,
7/22/1997,,,22,,,,,,,,,,,,,,,,,,,,,
7/22/1997,,,22,,,,,,,,,,,,,,,,,,,,,
7/22/1997,,,22,,,,,,,,,,,,,,,,,,,,,
7/22/1997,,,22,,,,,,,,,,,,,,,,,,,,,
7/22/1997,,,22,,,,,,,,,,,,,,,,,,,,,
7/22/1997,,,22.6,,,,,,,,,,,,,,,,,,,,,
7/22/1997,,,23,,,,,,,,,,,,,,,,,,,,,
7/22/1997,,,24,,,,,,,,,,,,,,,,,,,,,
7/22/1997,,,25,,,,,,,,,,,,,,,,,,,,,
7/22/1997,,,25.6,,,,,,,,,,,,,,,,,,,,,
7/22/1997,,,26,,,,,,,,,,,,,,,,,,,,,
7/22/1997,,,26,,,,,,,,,,,,,,,,,,,,,
7/22/1997,,,25.2,,,,,,,,,,,,,,,,,,,,,
7/22/1997,,,24,,,,,,,,,,,,,,,,,,,,,
7/22/1997,,,24,,,,,,,,,,,,,,,,,,,,,
7/22/1997,,,23,,,,,,,,,,,,,,,,,,,,,
7/22/1997,,,23,,,,,,,,,,,,,,,,,,,,,
7/22/1997,,,23,,,,,,,,,,,,,,,,,,,,,
7/22/1997,,,23,,,,,,,,,,,,,,,,,,,,,
7/22/1997,,,23,,,,,,,,,,,,,,,,,,,,,
7/22/1997,,,23,,,,,,,,,,,,,,,,,,,,,
7/23/1997,,,22,,,,,,,,,,,,,,,,,,,,,
7/23/1997,,,22,,,,,,,,,,,,,,,,,,,,,
7/23/1997,,,22,,,,,,,,,,,,,,,,,,,,,
7/23/1997,,,22,,,,,,,,,,,,,,,,,,,,,
7/23/1997,,,22,,,,,,,,,,,,,,,,,,,,,
7/23/1997,,,22,,,,,,,,,,,,,,,,,,,,,
7/23/1997,,,21.8,,,,,,,,,,,,,,,,,,,,,
7/23/1997,,,22,,,,,,,,,,,,,,,,,,,,,
7/23/1997,,,23,,,,,,,,,,,,,,,,,,,,,
7/23/1997,,,23.7,,,,,,,,,,,,,,,,,,,,,
7/23/1997,,,24,,,,,,,,,,,,,,,,,,,,,
7/23/1997,,,25,,,,,,,,,,,,,,,,,,,,,
7/23/1997,,,23,,,,,,,,,,,,,,,,,,,,,
7/23/1997,,,25,,,,,,,,,,,,,,,,,,,,,
7/23/1997,,,26,,,,,,,,,,,,,,,,,,,,,
7/23/1997,,,26,,,,,,,,,,,,,,,,,,,,,
7/23/1997,,,26,,,,,,,,,,,,,,,,,,,,,
7/23/1997,,,24,,,,,,,,,,,,,,,,,,,,,
7/23/1997,,,24,,,,,,,,,,,,,,,,,,,,,
7/23/1997,,,23,,,,,,,,,,,,,,,,,,,,,
7/23/1997,,,22,,,,,,,,,,,,,,,,,,,,,
7/23/1997,,,22,,,,,,,,,,,,,,,,,,,,,
7/23/1997,,,22,,,,,,,,,,,,,,,,,,,,,
7/23/1997,,,21,,,,,,,,,,,,,,,,,,,,,
7/24/1997,,,21,,,,,,,,,,,,,,,,,,,,,
7/24/1997,,,21,,,,,,,,,,,,,,,,,,,,,
7/24/1997,,,21,,,,,,,,,,,,,,,,,,,,,
7/24/1997,,,21,,,,,,,,,,,,,,,,,,,,,
7/24/1997,,,21,,,,,,,,,,,,,,,,,,,,,
7/24/1997,,,21,,,,,,,,,,,,,,,,,,,,,
7/24/1997,,,21,,,,,,,,,,,,,,,,,,,,,
7/24/1997,,,22,,,,,,,,,,,,,,,,,,,,,
7/24/1997,,,22,,,,,,,,,,,,,,,,,,,,,
7/24/1997,,,24,,,,,,,,,,,,,,,,,,,,,
7/24/1997,,,27,,,,,,,,,,,,,,,,,,,,,
7/24/1997,,,27,,,,,,,,,,,,,,,,,,,,,
7/24/1997,,,28,,,,,,,,,,,,,,,,,,,,,
7/24/1997,,,29,,,,,,,,,,,,,,,,,,,,,
7/24/1997,,,29,,,,,,,,,,,,,,,,,,,,,
7/24/1997,,,29,,,,,,,,,,,,,,,,,,,,,
7/24/1997,,,31,,,,,,,,,,,,,,,,,,,,,
7/24/1997,,,30,,,,,,,,,,,,,,,,,,,,,
7/24/1997,,,28,,,,,,,,,,,,,,,,,,,,,
7/24/1997,,,26,,,,,,,,,,,,,,,,,,,,,
7/24/1997,,,23,,,,,,,,,,,,,,,,,,,,,
7/24/1997,,,23,,,,,,,,,,,,,,,,,,,,,
7/24/1997,,,21,,,,,,,,,,,,,,,,,,,,,
7/24/1997,,,20,,,,,,,,,,,,,,,,,,,,,
7/25/1997,,,20,,,,,,,,,,,,,,,,,,,,,
7/25/1997,,,20,,,,,,,,,,,,,,,,,,,,,
7/25/1997,,,19,,,,,,,,,,,,,,,,,,,,,
7/25/1997,,,19,,,,,,,,,,,,,,,,,,,,,
7/25/1997,,,18,,,,,,,,,,,,,,,,,,,,,
7/25/1997,,,18,,,,,,,,,,,,,,,,,,,,,
7/25/1997,,,19,,,,,,,,,,,,,,,,,,,,,
7/25/1997,,,23,,,,,,,,,,,,,,,,,,,,,
7/25/1997,,,26,,,,,,,,,,,,,,,,,,,,,
7/25/1997,,,27,,,,,,,,,,,,,,,,,,,,,
7/25/1997,,,28,,,,,,,,,,,,,,,,,,,,,
7/25/1997,,,29,,,,,,,,,,,,,,,,,,,,,
7/25/1997,,,30,,,,,,,,,,,,,,,,,,,,,
7/25/1997,,,31,,,,,,,,,,,,,,,,,,,,,
7/25/1997,,,31,,,,,,,,,,,,,,,,,,,,,
7/25/1997,,,31,,,,,,,,,,,,,,,,,,,,,
7/25/1997,,,31,,,,,,,,,,,,,,,,,,,,,
7/25/1997,,,30.7,,,,,,,,,,,,,,,,,,,,,
7/25/1997,,,30,,,,,,,,,,,,,,,,,,,,,
7/25/1997,,,28,,,,,,,,,,,,,,,,,,,,,
7/25/1997,,,26.6,,,,,,,,,,,,,,,,,,,,,
7/25/1997,,,26,,,,,,,,,,,,,,,,,,,,,
7/25/1997,,,26,,,,,,,,,,,,,,,,,,,,,
7/25/1997,,,25,,,,,,,,,,,,,,,,,,,,,
7/26/1997,,,25,,,,,,,,,,,,,,,,,,,,,
7/26/1997,,,25,,,,,,,,,,,,,,,,,,,,,
7/26/1997,,,25,,,,,,,,,,,,,,,,,,,,,
7/26/1997,,,25,,,,,,,,,,,,,,,,,,,,,
7/26/1997,,,25,,,,,,,,,,,,,,,,,,,,,
7/26/1997,,,25,,,,,,,,,,,,,,,,,,,,,
7/26/1997,,,26,,,,,,,,,,,,,,,,,,,,,
7/26/1997,,,27.4,,,,,,,,,,,,,,,,,,,,,
7/26/1997,,,29,,,,,,,,,,,,,,,,,,,,,
7/26/1997,,,31,,,,,,,,,,,,,,,,,,,,,
7/26/1997,,,33,,,,,,,,,,,,,,,,,,,,,
7/26/1997,,,35,,,,,,,,,,,,,,,,,,,,,
7/26/1997,,,36,,,,,,,,,,,,,,,,,,,,,
7/26/1997,,,37,,,,,,,,,,,,,,,,,,,,,
7/26/1997,,,37,,,,,,,,,,,,,,,,,,,,,
7/26/1997,,,37,,,,,,,,,,,,,,,,,,,,,
7/26/1997,,,36,,,,,,,,,,,,,,,,,,,,,
7/26/1997,,,35,,,,,,,,,,,,,,,,,,,,,
7/26/1997,,,34,,,,,,,,,,,,,,,,,,,,,
7/26/1997,,,32,,,,,,,,,,,,,,,,,,,,,
7/26/1997,,,30,,,,,,,,,,,,,,,,,,,,,
7/26/1997,,,29.9,,,,,,,,,,,,,,,,,,,,,
7/26/1997,,,30,,,,,,,,,,,,,,,,,,,,,
7/26/1997,,,27,,,,,,,,,,,,,,,,,,,,,
7/27/1997,,,26,,,,,,,,,,,,,,,,,,,,,
7/27/1997,,,26,,,,,,,,,,,,,,,,,,,,,
7/27/1997,,,26,,,,,,,,,,,,,,,,,,,,,
7/27/1997,,,26,,,,,,,,,,,,,,,,,,,,,
7/27/1997,,,26,,,,,,,,,,,,,,,,,,,,,
7/27/1997,,,25.4,,,,,,,,,,,,,,,,,,,,,
7/27/1997,,,26,,,,,,,,,,,,,,,,,,,,,
7/27/1997,,,28,,,,,,,,,,,,,,,,,,,,,
7/27/1997,,,30,,,,,,,,,,,,,,,,,,,,,
7/27/1997,,,32,,,,,,,,,,,,,,,,,,,,,
7/27/1997,,,34,,,,,,,,,,,,,,,,,,,,,
7/27/1997,,,35,,,,,,,,,,,,,,,,,,,,,
7/27/1997,,,36,,,,,,,,,,,,,,,,,,,,,
7/27/1997,,,36,,,,,,,,,,,,,,,,,,,,,
7/27/1997,,,37,,,,,,,,,,,,,,,,,,,,,
7/27/1997,,,29,,,,,,,,,,,,,,,,,,,,,
7/27/1997,,,32,,,,,,,,,,,,,,,,,,,,,
7/27/1997,,,31,,,,,,,,,,,,,,,,,,,,,
7/27/1997,,,31,,,,,,,,,,,,,,,,,,,,,
7/27/1997,,,29,,,,,,,,,,,,,,,,,,,,,
7/27/1997,,,28,,,,,,,,,,,,,,,,,,,,,
7/27/1997,,,26.9,,,,,,,,,,,,,,,,,,,,,
7/27/1997,,,26,,,,,,,,,,,,,,,,,,,,,
7/27/1997,,,26,,,,,,,,,,,,,,,,,,,,,
7/28/1997,,,25,,,,,,,,,,,,,,,,,,,,,
7/28/1997,,,25,,,,,,,,,,,,,,,,,,,,,
7/28/1997,,,25,,,,,,,,,,,,,,,,,,,,,
7/28/1997,,,24,,,,,,,,,,,,,,,,,,,,,
7/28/1997,,,25,,,,,,,,,,,,,,,,,,,,,
7/28/1997,,,24,,,,,,,,,,,,,,,,,,,,,
7/28/1997,,,24.8,,,,,,,,,,,,,,,,,,,,,
7/28/1997,,,26,,,,,,,,,,,,,,,,,,,,,
7/28/1997,,,28,,,,,,,,,,,,,,,,,,,,,
7/28/1997,,,29,,,,,,,,,,,,,,,,,,,,,
7/28/1997,,,29,,,,,,,,,,,,,,,,,,,,,
7/28/1997,,,36,,,,,,,,,,,,,,,,,,,,,
7/28/1997,,,32.6,,,,,,,,,,,,,,,,,,,,,
7/28/1997,,,29,,,,,,,,,,,,,,,,,,,,,
7/28/1997,,,30,,,,,,,,,,,,,,,,,,,,,
7/28/1997,,,31,,,,,,,,,,,,,,,,,,,,,
7/28/1997,,,29.6,,,,,,,,,,,,,,,,,,,,,
7/28/1997,,,28,,,,,,,,,,,,,,,,,,,,,
7/28/1997,,,26.8,,,,,,,,,,,,,,,,,,,,,
7/28/1997,,,25,,,,,,,,,,,,,,,,,,,,,
7/28/1997,,,23,,,,,,,,,,,,,,,,,,,,,
7/28/1997,,,22,,,,,,,,,,,,,,,,,,,,,
7/28/1997,,,20,,,,,,,,,,,,,,,,,,,,,
7/28/1997,,,19,,,,,,,,,,,,,,,,,,,,,
7/29/1997,,,18,,,,,,,,,,,,,,,,,,,,,
7/29/1997,,,18,,,,,,,,,,,,,,,,,,,,,
7/29/1997,,,17,,,,,,,,,,,,,,,,,,,,,
7/29/1997,,,17,,,,,,,,,,,,,,,,,,,,,
7/29/1997,,,16,,,,,,,,,,,,,,,,,,,,,
7/29/1997,,,15,,,,,,,,,,,,,,,,,,,,,
7/29/1997,,,17,,,,,,,,,,,,,,,,,,,,,
7/29/1997,,,18.4,,,,,,,,,,,,,,,,,,,,,
7/29/1997,,,20,,,,,,,,,,,,,,,,,,,,,
7/29/1997,,,22,,,,,,,,,,,,,,,,,,,,,
7/29/1997,,,23,,,,,,,,,,,,,,,,,,,,,
7/29/1997,,,24,,,,,,,,,,,,,,,,,,,,,
7/29/1997,,,24,,,,,,,,,,,,,,,,,,,,,
7/29/1997,,,26,,,,,,,,,,,,,,,,,,,,,
7/29/1997,,,26,,,,,,,,,,,,,,,,,,,,,
7/29/1997,,,27,,,,,,,,,,,,,,,,,,,,,
7/29/1997,,,24,,,,,,,,,,,,,,,,,,,,,
7/29/1997,,,25,,,,,,,,,,,,,,,,,,,,,
7/29/1997,,,24,,,,,,,,,,,,,,,,,,,,,
7/29/1997,,,22,,,,,,,,,,,,,,,,,,,,,
7/29/1997,,,20,,,,,,,,,,,,,,,,,,,,,
7/29/1997,,,19,,,,,,,,,,,,,,,,,,,,,
7/29/1997,,,18,,,,,,,,,,,,,,,,,,,,,
7/29/1997,,,17,,,,,,,,,,,,,,,,,,,,,
7/30/1997,,,17,,,,,,,,,,,,,,,,,,,,,
7/30/1997,,,17,,,,,,,,,,,,,,,,,,,,,
7/30/1997,,,17,,,,,,,,,,,,,,,,,,,,,
7/30/1997,,,16.4,,,,,,,,,,,,,,,,,,,,,
7/30/1997,,,16,,,,,,,,,,,,,,,,,,,,,
7/30/1997,,,15,,,,,,,,,,,,,,,,,,,,,
7/30/1997,,,17,,,,,,,,,,,,,,,,,,,,,
7/30/1997,,,18,,,,,,,,,,,,,,,,,,,,,
7/30/1997,,,20,,,,,,,,,,,,,,,,,,,,,
7/30/1997,,,23,,,,,,,,,,,,,,,,,,,,,
7/30/1997,,,24,,,,,,,,,,,,,,,,,,,,,
7/30/1997,,,24,,,,,,,,,,,,,,,,,,,,,
7/30/1997,,,25,,,,,,,,,,,,,,,,,,,,,
7/30/1997,,,26,,,,,,,,,,,,,,,,,,,,,
7/30/1997,,,26,,,,,,,,,,,,,,,,,,,,,
7/30/1997,,,26,,,,,,,,,,,,,,,,,,,,,
7/30/1997,,,26,,,,,,,,,,,,,,,,,,,,,
7/30/1997,,,26,,,,,,,,,,,,,,,,,,,,,
7/30/1997,,,25,,,,,,,,,,,,,,,,,,,,,
7/30/1997,,,24,,,,,,,,,,,,,,,,,,,,,
7/30/1997,,,19,,,,,,,,,,,,,,,,,,,,,
7/30/1997,,,18,,,,,,,,,,,,,,,,,,,,,
7/30/1997,,,18,,,,,,,,,,,,,,,,,,,,,
7/30/1997,,,17.5,,,,,,,,,,,,,,,,,,,,,
7/31/1997,,,17,,,,,,,,,,,,,,,,,,,,,
7/31/1997,,,16,,,,,,,,,,,,,,,,,,,,,
7/31/1997,,,15,,,,,,,,,,,,,,,,,,,,,
7/31/1997,,,14,,,,,,,,,,,,,,,,,,,,,
7/31/1997,,,12,,,,,,,,,,,,,,,,,,,,,
7/31/1997,,,12,,,,,,,,,,,,,,,,,,,,,
7/31/1997,,,15,,,,,,,,,,,,,,,,,,,,,
7/31/1997,,,19,,,,,,,,,,,,,,,,,,,,,
7/31/1997,,,21,,,,,,,,,,,,,,,,,,,,,
7/31/1997,,,24,,,,,,,,,,,,,,,,,,,,,
7/31/1997,,,26,,,,,,,,,,,,,,,,,,,,,
7/31/1997,,,27,,,,,,,,,,,,,,,,,,,,,
7/31/1997,,,28,,,,,,,,,,,,,,,,,,,,,
7/31/1997,,,28,,,,,,,,,,,,,,,,,,,,,
7/31/1997,,,29,,,,,,,,,,,,,,,,,,,,,
7/31/1997,,,29,,,,,,,,,,,,,,,,,,,,,
7/31/1997,,,29,,,,,,,,,,,,,,,,,,,,,
7/31/1997,,,29,,,,,,,,,,,,,,,,,,,,,
7/31/1997,,,28,,,,,,,,,,,,,,,,,,,,,
7/31/1997,,,25,,,,,,,,,,,,,,,,,,,,,
7/31/1997,,,23,,,,,,,,,,,,,,,,,,,,,
7/31/1997,,,22.6,,,,,,,,,,,,,,,,,,,,,
7/31/1997,,,22.1,,,,,,,,,,,,,,,,,,,,,
7/31/1997,,,21.7,,,,,,,,,,,,,,,,,,,,,
8/1/2003,,,21.3,,,,,,,,,,,,,,,,,,,,,
8/1/2003,,,20.9,,,,,,,,,,,,,,,,,,,,,
8/1/2003,,,20.4,,,,,,,,,,,,,,,,,,,,,
8/1/2003,,,20,,,,,,,,,,,,,,,,,,,,,
8/1/2003,,,19,,,,,,,,,,,,,,,,,,,,,
8/1/2003,,,18,,,,,,,,,,,,,,,,,,,,,
8/1/2003,,,21,,,,,,,,,,,,,,,,,,,,,
8/1/2003,,,23,,,,,,,,,,,,,,,,,,,,,
8/1/2003,,,26,,,,,,,,,,,,,,,,,,,,,
8/1/2003,,,27,,,,,,,,,,,,,,,,,,,,,
8/1/2003,,,29,,,,,,,,,,,,,,,,,,,,,
8/1/2003,,,29,,,,,,,,,,,,,,,,,,,,,
8/1/2003,,,30,,,,,,,,,,,,,,,,,,,,,
8/1/2003,,,30,,,,,,,,,,,,,,,,,,,,,
8/1/2003,,,31,,,,,,,,,,,,,,,,,,,,,
8/1/2003,,,31,,,,,,,,,,,,,,,,,,,,,
8/1/2003,,,30,,,,,,,,,,,,,,,,,,,,,
8/1/2003,,,29,,,,,,,,,,,,,,,,,,,,,
8/1/2003,,,28,,,,,,,,,,,,,,,,,,,,,
8/1/2003,,,27,,,,,,,,,,,,,,,,,,,,,
8/1/2003,,,25,,,,,,,,,,,,,,,,,,,,,
8/1/2003,,,23,,,,,,,,,,,,,,,,,,,,,
8/1/2003,,,22,,,,,,,,,,,,,,,,,,,,,
8/1/2003,,,22,,,,,,,,,,,,,,,,,,,,,
8/2/2003,,,22,,,,,,,,,,,,,,,,,,,,,
8/2/2003,,,21,,,,,,,,,,,,,,,,,,,,,
8/2/2003,,,20,,,,,,,,,,,,,,,,,,,,,
8/2/2003,,,20,,,,,,,,,,,,,,,,,,,,,
8/2/2003,,,20,,,,,,,,,,,,,,,,,,,,,
8/2/2003,,,21,,,,,,,,,,,,,,,,,,,,,
8/2/2003,,,20.9,,,,,,,,,,,,,,,,,,,,,
8/2/2003,,,22,,,,,,,,,,,,,,,,,,,,,
8/2/2003,,,23,,,,,,,,,,,,,,,,,,,,,
8/2/2003,,,24,,,,,,,,,,,,,,,,,,,,,
8/2/2003,,,26,,,,,,,,,,,,,,,,,,,,,
8/2/2003,,,26,,,,,,,,,,,,,,,,,,,,,
8/2/2003,,,25,,,,,,,,,,,,,,,,,,,,,
8/2/2003,,,27,,,,,,,,,,,,,,,,,,,,,
8/2/2003,,,27,,,,,,,,,,,,,,,,,,,,,
8/2/2003,,,27,,,,,,,,,,,,,,,,,,,,,
8/2/2003,,,26,,,,,,,,,,,,,,,,,,,,,
8/2/2003,,,21,,,,,,,,,,,,,,,,,,,,,
8/2/2003,,,20,,,,,,,,,,,,,,,,,,,,,
8/2/2003,,,20,,,,,,,,,,,,,,,,,,,,,
8/2/2003,,,20,,,,,,,,,,,,,,,,,,,,,
8/2/2003,,,20,,,,,,,,,,,,,,,,,,,,,
8/2/2003,,,19,,,,,,,,,,,,,,,,,,,,,
8/2/2003,,,19,,,,,,,,,,,,,,,,,,,,,
8/3/2003,,,19,,,,,,,,,,,,,,,,,,,,,
8/3/2003,,,19,,,,,,,,,,,,,,,,,,,,,
8/3/2003,,,19,,,,,,,,,,,,,,,,,,,,,
8/3/2003,,,19,,,,,,,,,,,,,,,,,,,,,
8/3/2003,,,18.5,,,,,,,,,,,,,,,,,,,,,
8/3/2003,,,18,,,,,,,,,,,,,,,,,,,,,
8/3/2003,,,19,,,,,,,,,,,,,,,,,,,,,
8/3/2003,,,20,,,,,,,,,,,,,,,,,,,,,
8/3/2003,,,21,,,,,,,,,,,,,,,,,,,,,
8/3/2003,,,22,,,,,,,,,,,,,,,,,,,,,
8/3/2003,,,23,,,,,,,,,,,,,,,,,,,,,
8/3/2003,,,24,,,,,,,,,,,,,,,,,,,,,
8/3/2003,,,25,,,,,,,,,,,,,,,,,,,,,
8/3/2003,,,27,,,,,,,,,,,,,,,,,,,,,
8/3/2003,,,26,,,,,,,,,,,,,,,,,,,,,
8/3/2003,,,25,,,,,,,,,,,,,,,,,,,,,
8/3/2003,,,25,,,,,,,,,,,,,,,,,,,,,
8/3/2003,,,25,,,,,,,,,,,,,,,,,,,,,
8/3/2003,,,25,,,,,,,,,,,,,,,,,,,,,
8/3/2003,,,23,,,,,,,,,,,,,,,,,,,,,
8/3/2003,,,21,,,,,,,,,,,,,,,,,,,,,
8/3/2003,,,20,,,,,,,,,,,,,,,,,,,,,
8/3/2003,,,20,,,,,,,,,,,,,,,,,,,,,
8/3/2003,,,19,,,,,,,,,,,,,,,,,,,,,
8/4/2003,,,19,,,,,,,,,,,,,,,,,,,,,
8/4/2003,,,18,,,,,,,,,,,,,,,,,,,,,
8/4/2003,,,18,,,,,,,,,,,,,,,,,,,,,
8/4/2003,,,18,,,,,,,,,,,,,,,,,,,,,
8/4/2003,,,18,,,,,,,,,,,,,,,,,,,,,
8/4/2003,,,18,,,,,,,,,,,,,,,,,,,,,
8/4/2003,,,19,,,,,,,,,,,,,,,,,,,,,
8/4/2003,,,20,,,,,,,,,,,,,,,,,,,,,
8/4/2003,,,21,,,,,,,,,,,,,,,,,,,,,
8/4/2003,,,23,,,,,,,,,,,,,,,,,,,,,
8/4/2003,,,25,,,,,,,,,,,,,,,,,,,,,
8/4/2003,,,26,,,,,,,,,,,,,,,,,,,,,
8/4/2003,,,26,,,,,,,,,,,,,,,,,,,,,
8/4/2003,,,27,,,,,,,,,,,,,,,,,,,,,
8/4/2003,,,27,,,,,,,,,,,,,,,,,,,,,
8/4/2003,,,27,,,,,,,,,,,,,,,,,,,,,
8/4/2003,,,27,,,,,,,,,,,,,,,,,,,,,
8/4/2003,,,25,,,,,,,,,,,,,,,,,,,,,
8/4/2003,,,25,,,,,,,,,,,,,,,,,,,,,
8/4/2003,,,23,,,,,,,,,,,,,,,,,,,,,
8/4/2003,,,22,,,,,,,,,,,,,,,,,,,,,
8/4/2003,,,21,,,,,,,,,,,,,,,,,,,,,
8/4/2003,,,20,,,,,,,,,,,,,,,,,,,,,
8/4/2003,,,19,,,,,,,,,,,,,,,,,,,,,
8/5/2003,,,18,,,,,,,,,,,,,,,,,,,,,
8/5/2003,,,18,,,,,,,,,,,,,,,,,,,,,
8/5/2003,,,17,,,,,,,,,,,,,,,,,,,,,
8/5/2003,,,16,,,,,,,,,,,,,,,,,,,,,
8/5/2003,,,16,,,,,,,,,,,,,,,,,,,,,
8/5/2003,,,16.1,,,,,,,,,,,,,,,,,,,,,
8/5/2003,,,17,,,,,,,,,,,,,,,,,,,,,
8/5/2003,,,18,,,,,,,,,,,,,,,,,,,,,
8/5/2003,,,22,,,,,,,,,,,,,,,,,,,,,
8/5/2003,,,23,,,,,,,,,,,,,,,,,,,,,
8/5/2003,,,23,,,,,,,,,,,,,,,,,,,,,
8/5/2003,,,24,,,,,,,,,,,,,,,,,,,,,
8/5/2003,,,25,,,,,,,,,,,,,,,,,,,,,
8/5/2003,,,26,,,,,,,,,,,,,,,,,,,,,
8/5/2003,,,27,,,,,,,,,,,,,,,,,,,,,
8/5/2003,,,27,,,,,,,,,,,,,,,,,,,,,
8/5/2003,,,27,,,,,,,,,,,,,,,,,,,,,
8/5/2003,,,26,,,,,,,,,,,,,,,,,,,,,
8/5/2003,,,25,,,,,,,,,,,,,,,,,,,,,
8/5/2003,,,24,,,,,,,,,,,,,,,,,,,,,
8/5/2003,,,21,,,,,,,,,,,,,,,,,,,,,
8/5/2003,,,20,,,,,,,,,,,,,,,,,,,,,
8/5/2003,,,19,,,,,,,,,,,,,,,,,,,,,
8/5/2003,,,18,,,,,,,,,,,,,,,,,,,,,
8/6/2003,,,19,,,,,,,,,,,,,,,,,,,,,
8/6/2003,,,19,,,,,,,,,,,,,,,,,,,,,
8/6/2003,,,18,,,,,,,,,,,,,,,,,,,,,
8/6/2003,,,18,,,,,,,,,,,,,,,,,,,,,
8/6/2003,,,18,,,,,,,,,,,,,,,,,,,,,
8/6/2003,,,18,,,,,,,,,,,,,,,,,,,,,
8/6/2003,,,19,,,,,,,,,,,,,,,,,,,,,
8/6/2003,,,19,,,,,,,,,,,,,,,,,,,,,
8/6/2003,,,21,,,,,,,,,,,,,,,,,,,,,
8/6/2003,,,23,,,,,,,,,,,,,,,,,,,,,
8/6/2003,,,24,,,,,,,,,,,,,,,,,,,,,
8/6/2003,,,27,,,,,,,,,,,,,,,,,,,,,
8/6/2003,,,26,,,,,,,,,,,,,,,,,,,,,
8/6/2003,,,27,,,,,,,,,,,,,,,,,,,,,
8/6/2003,,,27,,,,,,,,,,,,,,,,,,,,,
8/6/2003,,,27,,,,,,,,,,,,,,,,,,,,,
8/6/2003,,,26,,,,,,,,,,,,,,,,,,,,,
8/6/2003,,,26,,,,,,,,,,,,,,,,,,,,,
8/6/2003,,,24,,,,,,,,,,,,,,,,,,,,,
8/6/2003,,,22,,,,,,,,,,,,,,,,,,,,,
8/6/2003,,,22,,,,,,,,,,,,,,,,,,,,,
8/6/2003,,,20,,,,,,,,,,,,,,,,,,,,,
8/6/2003,,,20,,,,,,,,,,,,,,,,,,,,,
8/6/2003,,,21,,,,,,,,,,,,,,,,,,,,,
8/7/2003,,,19,,,,,,,,,,,,,,,,,,,,,
8/7/2003,,,18,,,,,,,,,,,,,,,,,,,,,
8/7/2003,,,18,,,,,,,,,,,,,,,,,,,,,
8/7/2003,,,17,,,,,,,,,,,,,,,,,,,,,
8/7/2003,,,16,,,,,,,,,,,,,,,,,,,,,
8/7/2003,,,17,,,,,,,,,,,,,,,,,,,,,
8/7/2003,,,18,,,,,,,,,,,,,,,,,,,,,
8/7/2003,,,21,,,,,,,,,,,,,,,,,,,,,
8/7/2003,,,23,,,,,,,,,,,,,,,,,,,,,
8/7/2003,,,24,,,,,,,,,,,,,,,,,,,,,
8/7/2003,,,26,,,,,,,,,,,,,,,,,,,,,
8/7/2003,,,27,,,,,,,,,,,,,,,,,,,,,
8/7/2003,,,28,,,,,,,,,,,,,,,,,,,,,
8/7/2003,,,28,,,,,,,,,,,,,,,,,,,,,
8/7/2003,,,27,,,,,,,,,,,,,,,,,,,,,
8/7/2003,,,27,,,,,,,,,,,,,,,,,,,,,
8/7/2003,,,27,,,,,,,,,,,,,,,,,,,,,
8/7/2003,,,28,,,,,,,,,,,,,,,,,,,,,
8/7/2003,,,26,,,,,,,,,,,,,,,,,,,,,
8/7/2003,,,24,,,,,,,,,,,,,,,,,,,,,
8/7/2003,,,22,,,,,,,,,,,,,,,,,,,,,
8/7/2003,,,21,,,,,,,,,,,,,,,,,,,,,
8/7/2003,,,20,,,,,,,,,,,,,,,,,,,,,
8/7/2003,,,19,,,,,,,,,,,,,,,,,,,,,
8/8/2003,,,19,,,,,,,,,,,,,,,,,,,,,
8/8/2003,,,18,,,,,,,,,,,,,,,,,,,,,
8/8/2003,,,18,,,,,,,,,,,,,,,,,,,,,
8/8/2003,,,17,,,,,,,,,,,,,,,,,,,,,
8/8/2003,,,18,,,,,,,,,,,,,,,,,,,,,
8/8/2003,,,18,,,,,,,,,,,,,,,,,,,,,
8/8/2003,,,19,,,,,,,,,,,,,,,,,,,,,
8/8/2003,,,21,,,,,,,,,,,,,,,,,,,,,
8/8/2003,,,22,,,,,,,,,,,,,,,,,,,,,
8/8/2003,,,22,,,,,,,,,,,,,,,,,,,,,
8/8/2003,,,24,,,,,,,,,,,,,,,,,,,,,
8/8/2003,,,26,,,,,,,,,,,,,,,,,,,,,
8/8/2003,,,27,,,,,,,,,,,,,,,,,,,,,
8/8/2003,,,27,,,,,,,,,,,,,,,,,,,,,
8/8/2003,,,26,,,,,,,,,,,,,,,,,,,,,
8/8/2003,,,25,,,,,,,,,,,,,,,,,,,,,
8/8/2003,,,24,,,,,,,,,,,,,,,,,,,,,
8/8/2003,,,25,,,,,,,,,,,,,,,,,,,,,
8/8/2003,,,24,,,,,,,,,,,,,,,,,,,,,
8/8/2003,,,23,,,,,,,,,,,,,,,,,,,,,
8/8/2003,,,22,,,,,,,,,,,,,,,,,,,,,
8/8/2003,,,21,,,,,,,,,,,,,,,,,,,,,
8/8/2003,,,20,,,,,,,,,,,,,,,,,,,,,
8/8/2003,,,20,,,,,,,,,,,,,,,,,,,,,
8/9/2003,,,19,,,,,,,,,,,,,,,,,,,,,
8/9/2003,,,19,,,,,,,,,,,,,,,,,,,,,
8/9/2003,,,19,,,,,,,,,,,,,,,,,,,,,
8/9/2003,,,19,,,,,,,,,,,,,,,,,,,,,
8/9/2003,,,18,,,,,,,,,,,,,,,,,,,,,
8/9/2003,,,19,,,,,,,,,,,,,,,,,,,,,
8/9/2003,,,19,,,,,,,,,,,,,,,,,,,,,
8/9/2003,,,19,,,,,,,,,,,,,,,,,,,,,
8/9/2003,,,20,,,,,,,,,,,,,,,,,,,,,
8/9/2003,,,21,,,,,,,,,,,,,,,,,,,,,
8/9/2003,,,22,,,,,,,,,,,,,,,,,,,,,
8/9/2003,,,23,,,,,,,,,,,,,,,,,,,,,
8/9/2003,,,25,,,,,,,,,,,,,,,,,,,,,
8/9/2003,,,21,,,,,,,,,,,,,,,,,,,,,
8/9/2003,,,24,,,,,,,,,,,,,,,,,,,,,
8/9/2003,,,26,,,,,,,,,,,,,,,,,,,,,
8/9/2003,,,26,,,,,,,,,,,,,,,,,,,,,
8/9/2003,,,26,,,,,,,,,,,,,,,,,,,,,
8/9/2003,,,24,,,,,,,,,,,,,,,,,,,,,
8/9/2003,,,22,,,,,,,,,,,,,,,,,,,,,
8/9/2003,,,21,,,,,,,,,,,,,,,,,,,,,
8/9/2003,,,21,,,,,,,,,,,,,,,,,,,,,
8/9/2003,,,19,,,,,,,,,,,,,,,,,,,,,
8/9/2003,,,18,,,,,,,,,,,,,,,,,,,,,
8/10/2003,,,18,,,,,,,,,,,,,,,,,,,,,
8/10/2003,,,18,,,,,,,,,,,,,,,,,,,,,
8/10/2003,,,17,,,,,,,,,,,,,,,,,,,,,
8/10/2003,,,16,,,,,,,,,,,,,,,,,,,,,
8/10/2003,,,17,,,,,,,,,,,,,,,,,,,,,
8/10/2003,,,16,,,,,,,,,,,,,,,,,,,,,
8/10/2003,,,17,,,,,,,,,,,,,,,,,,,,,
8/10/2003,,,19,,,,,,,,,,,,,,,,,,,,,
8/10/2003,,,21,,,,,,,,,,,,,,,,,,,,,
8/10/2003,,,22,,,,,,,,,,,,,,,,,,,,,
8/10/2003,,,24,,,,,,,,,,,,,,,,,,,,,
8/10/2003,,,24,,,,,,,,,,,,,,,,,,,,,
8/10/2003,,,24,,,,,,,,,,,,,,,,,,,,,
8/10/2003,,,26,,,,,,,,,,,,,,,,,,,,,
8/10/2003,,,26,,,,,,,,,,,,,,,,,,,,,
8/10/2003,,,24,,,,,,,,,,,,,,,,,,,,,
8/10/2003,,,27,,,,,,,,,,,,,,,,,,,,,
8/10/2003,,,25,,,,,,,,,,,,,,,,,,,,,
8/10/2003,,,25,,,,,,,,,,,,,,,,,,,,,
8/10/2003,,,23,,,,,,,,,,,,,,,,,,,,,
8/10/2003,,,21,,,,,,,,,,,,,,,,,,,,,
8/10/2003,,,20,,,,,,,,,,,,,,,,,,,,,
8/10/2003,,,19,,,,,,,,,,,,,,,,,,,,,
8/10/2003,,,19,,,,,,,,,,,,,,,,,,,,,
8/11/2003,,,18,,,,,,,,,,,,,,,,,,,,,
8/11/2003,,,18,,,,,,,,,,,,,,,,,,,,,
8/11/2003,,,18,,,,,,,,,,,,,,,,,,,,,
8/11/2003,,,17,,,,,,,,,,,,,,,,,,,,,
8/11/2003,,,16,,,,,,,,,,,,,,,,,,,,,
8/11/2003,,,17,,,,,,,,,,,,,,,,,,,,,
8/11/2003,,,17,,,,,,,,,,,,,,,,,,,,,
8/11/2003,,,20,,,,,,,,,,,,,,,,,,,,,
8/11/2003,,,23,,,,,,,,,,,,,,,,,,,,,
8/11/2003,,,24,,,,,,,,,,,,,,,,,,,,,
8/11/2003,,,26,,,,,,,,,,,,,,,,,,,,,
8/11/2003,,,26,,,,,,,,,,,,,,,,,,,,,
8/11/2003,,,28,,,,,,,,,,,,,,,,,,,,,
8/11/2003,,,28,,,,,,,,,,,,,,,,,,,,,
8/11/2003,,,27,,,,,,,,,,,,,,,,,,,,,
8/11/2003,,,28,,,,,,,,,,,,,,,,,,,,,
8/11/2003,,,26,,,,,,,,,,,,,,,,,,,,,
8/11/2003,,,23,,,,,,,,,,,,,,,,,,,,,
8/11/2003,,,23,,,,,,,,,,,,,,,,,,,,,
8/11/2003,,,22,,,,,,,,,,,,,,,,,,,,,
8/11/2003,,,21,,,,,,,,,,,,,,,,,,,,,
8/11/2003,,,21,,,,,,,,,,,,,,,,,,,,,
8/11/2003,,,20,,,,,,,,,,,,,,,,,,,,,
8/11/2003,,,20,,,,,,,,,,,,,,,,,,,,,
8/12/2003,,,19,,,,,,,,,,,,,,,,,,,,,
8/12/2003,,,19,,,,,,,,,,,,,,,,,,,,,
8/12/2003,,,19,,,,,,,,,,,,,,,,,,,,,
8/12/2003,,,19,,,,,,,,,,,,,,,,,,,,,
8/12/2003,,,19,,,,,,,,,,,,,,,,,,,,,
8/12/2003,,,18,,,,,,,,,,,,,,,,,,,,,
8/12/2003,,,19,,,,,,,,,,,,,,,,,,,,,
8/12/2003,,,19,,,,,,,,,,,,,,,,,,,,,
8/12/2003,,,20,,,,,,,,,,,,,,,,,,,,,
8/12/2003,,,22,,,,,,,,,,,,,,,,,,,,,
8/12/2003,,,23,,,,,,,,,,,,,,,,,,,,,
8/12/2003,,,24,,,,,,,,,,,,,,,,,,,,,
8/12/2003,,,25,,,,,,,,,,,,,,,,,,,,,
8/12/2003,,,26,,,,,,,,,,,,,,,,,,,,,
8/12/2003,,,28,,,,,,,,,,,,,,,,,,,,,
8/12/2003,,,26,,,,,,,,,,,,,,,,,,,,,
8/12/2003,,,26,,,,,,,,,,,,,,,,,,,,,
8/12/2003,,,26,,,,,,,,,,,,,,,,,,,,,
8/12/2003,,,24,,,,,,,,,,,,,,,,,,,,,
8/12/2003,,,23,,,,,,,,,,,,,,,,,,,,,
8/12/2003,,,23,,,,,,,,,,,,,,,,,,,,,
8/12/2003,,,22,,,,,,,,,,,,,,,,,,,,,
8/12/2003,,,21,,,,,,,,,,,,,,,,,,,,,
8/12/2003,,,21,,,,,,,,,,,,,,,,,,,,,
8/13/2003,,,20,,,,,,,,,,,,,,,,,,,,,
8/13/2003,,,19,,,,,,,,,,,,,,,,,,,,,
8/13/2003,,,19,,,,,,,,,,,,,,,,,,,,,
8/13/2003,,,19,,,,,,,,,,,,,,,,,,,,,
8/13/2003,,,18,,,,,,,,,,,,,,,,,,,,,
8/13/2003,,,18,,,,,,,,,,,,,,,,,,,,,
8/13/2003,,,17.8,,,,,,,,,,,,,,,,,,,,,
8/13/2003,,,18.8,,,,,,,,,,,,,,,,,,,,,
8/13/2003,,,20,,,,,,,,,,,,,,,,,,,,,
8/13/2003,,,21,,,,,,,,,,,,,,,,,,,,,
8/13/2003,,,23,,,,,,,,,,,,,,,,,,,,,
8/13/2003,,,24,,,,,,,,,,,,,,,,,,,,,
8/13/2003,,,26,,,,,,,,,,,,,,,,,,,,,
8/13/2003,,,27,,,,,,,,,,,,,,,,,,,,,
8/13/2003,,,27,,,,,,,,,,,,,,,,,,,,,
8/13/2003,,,27,,,,,,,,,,,,,,,,,,,,,
8/13/2003,,,27,,,,,,,,,,,,,,,,,,,,,
8/13/2003,,,27,,,,,,,,,,,,,,,,,,,,,
8/13/2003,,,26,,,,,,,,,,,,,,,,,,,,,
8/13/2003,,,25,,,,,,,,,,,,,,,,,,,,,
8/13/2003,,,25,,,,,,,,,,,,,,,,,,,,,
8/13/2003,,,24,,,,,,,,,,,,,,,,,,,,,
8/13/2003,,,24,,,,,,,,,,,,,,,,,,,,,
8/13/2003,,,24,,,,,,,,,,,,,,,,,,,,,
8/14/2003,,,24,,,,,,,,,,,,,,,,,,,,,
8/14/2003,,,23,,,,,,,,,,,,,,,,,,,,,
8/14/2003,,,23,,,,,,,,,,,,,,,,,,,,,
8/14/2003,,,22,,,,,,,,,,,,,,,,,,,,,
8/14/2003,,,22,,,,,,,,,,,,,,,,,,,,,
8/14/2003,,,22,,,,,,,,,,,,,,,,,,,,,
8/14/2003,,,23,,,,,,,,,,,,,,,,,,,,,
8/14/2003,,,24,,,,,,,,,,,,,,,,,,,,,
8/14/2003,,,27,,,,,,,,,,,,,,,,,,,,,
8/14/2003,,,28,,,,,,,,,,,,,,,,,,,,,
8/14/2003,,,28,,,,,,,,,,,,,,,,,,,,,
8/14/2003,,,29,,,,,,,,,,,,,,,,,,,,,
8/14/2003,,,30,,,,,,,,,,,,,,,,,,,,,
8/14/2003,,,31,,,,,,,,,,,,,,,,,,,,,
8/14/2003,,,31,,,,,,,,,,,,,,,,,,,,,
8/14/2003,,,30,,,,,,,,,,,,,,,,,,,,,
8/14/2003,,,29,,,,,,,,,,,,,,,,,,,,,
8/14/2003,,,30,,,,,,,,,,,,,,,,,,,,,
8/14/2003,,,29,,,,,,,,,,,,,,,,,,,,,
8/14/2003,,,27,,,,,,,,,,,,,,,,,,,,,
8/14/2003,,,26,,,,,,,,,,,,,,,,,,,,,
8/14/2003,,,24.7,,,,,,,,,,,,,,,,,,,,,
8/14/2003,,,23.6,,,,,,,,,,,,,,,,,,,,,
8/14/2003,,,22.7,,,,,,,,,,,,,,,,,,,,,
8/15/2003,,,22,,,,,,,,,,,,,,,,,,,,,
8/15/2003,,,22,,,,,,,,,,,,,,,,,,,,,
8/15/2003,,,22,,,,,,,,,,,,,,,,,,,,,
8/15/2003,,,21.4,,,,,,,,,,,,,,,,,,,,,
8/15/2003,,,20.8,,,,,,,,,,,,,,,,,,,,,
8/15/2003,,,20.3,,,,,,,,,,,,,,,,,,,,,
8/15/2003,,,20.6,,,,,,,,,,,,,,,,,,,,,
8/15/2003,,,22,,,,,,,,,,,,,,,,,,,,,
8/15/2003,,,25,,,,,,,,,,,,,,,,,,,,,
8/15/2003,,,28,,,,,,,,,,,,,,,,,,,,,
8/15/2003,,,28,,,,,,,,,,,,,,,,,,,,,
8/15/2003,,,29,,,,,,,,,,,,,,,,,,,,,
8/15/2003,,,31,,,,,,,,,,,,,,,,,,,,,
8/15/2003,,,32,,,,,,,,,,,,,,,,,,,,,
8/15/2003,,,32,,,,,,,,,,,,,,,,,,,,,
8/15/2003,,,31,,,,,,,,,,,,,,,,,,,,,
8/15/2003,,,31,,,,,,,,,,,,,,,,,,,,,
8/15/2003,,,29,,,,,,,,,,,,,,,,,,,,,
8/15/2003,,,28,,,,,,,,,,,,,,,,,,,,,
8/15/2003,,,27,,,,,,,,,,,,,,,,,,,,,
8/15/2003,,,25,,,,,,,,,,,,,,,,,,,,,
8/15/2003,,,23,,,,,,,,,,,,,,,,,,,,,
8/15/2003,,,23,,,,,,,,,,,,,,,,,,,,,
8/15/2003,,,23,,,,,,,,,,,,,,,,,,,,,
8/16/2003,,,22,,,,,,,,,,,,,,,,,,,,,
8/16/2003,,,22,,,,,,,,,,,,,,,,,,,,,
8/16/2003,,,22,,,,,,,,,,,,,,,,,,,,,
8/16/2003,,,21,,,,,,,,,,,,,,,,,,,,,
8/16/2003,,,21,,,,,,,,,,,,,,,,,,,,,
8/16/2003,,,20.6,,,,,,,,,,,,,,,,,,,,,
8/16/2003,,,21,,,,,,,,,,,,,,,,,,,,,
8/16/2003,,,23,,,,,,,,,,,,,,,,,,,,,
8/16/2003,,,27,,,,,,,,,,,,,,,,,,,,,
8/16/2003,,,29,,,,,,,,,,,,,,,,,,,,,
8/16/2003,,,30,,,,,,,,,,,,,,,,,,,,,
8/16/2003,,,32,,,,,,,,,,,,,,,,,,,,,
8/16/2003,,,32,,,,,,,,,,,,,,,,,,,,,
8/16/2003,,,32,,,,,,,,,,,,,,,,,,,,,
8/16/2003,,,29,,,,,,,,,,,,,,,,,,,,,
8/16/2003,,,31,,,,,,,,,,,,,,,,,,,,,
8/16/2003,,,31,,,,,,,,,,,,,,,,,,,,,
8/16/2003,,,31,,,,,,,,,,,,,,,,,,,,,
8/16/2003,,,29,,,,,,,,,,,,,,,,,,,,,
8/16/2003,,,26,,,,,,,,,,,,,,,,,,,,,
8/16/2003,,,24,,,,,,,,,,,,,,,,,,,,,
8/16/2003,,,24,,,,,,,,,,,,,,,,,,,,,
8/16/2003,,,23,,,,,,,,,,,,,,,,,,,,,
8/16/2003,,,22,,,,,,,,,,,,,,,,,,,,,
8/17/2003,,,22,,,,,,,,,,,,,,,,,,,,,
8/17/2003,,,22,,,,,,,,,,,,,,,,,,,,,
8/17/2003,,,22,,,,,,,,,,,,,,,,,,,,,
8/17/2003,,,23,,,,,,,,,,,,,,,,,,,,,
8/17/2003,,,22,,,,,,,,,,,,,,,,,,,,,
8/17/2003,,,22,,,,,,,,,,,,,,,,,,,,,
8/17/2003,,,22,,,,,,,,,,,,,,,,,,,,,
8/17/2003,,,22,,,,,,,,,,,,,,,,,,,,,
8/17/2003,,,23,,,,,,,,,,,,,,,,,,,,,
8/17/2003,,,24,,,,,,,,,,,,,,,,,,,,,
8/17/2003,,,26,,,,,,,,,,,,,,,,,,,,,
8/17/2003,,,28,,,,,,,,,,,,,,,,,,,,,
8/17/2003,,,28,,,,,,,,,,,,,,,,,,,,,
8/17/2003,,,29,,,,,,,,,,,,,,,,,,,,,
8/17/2003,,,29,,,,,,,,,,,,,,,,,,,,,
8/17/2003,,,28,,,,,,,,,,,,,,,,,,,,,
8/17/2003,,,28,,,,,,,,,,,,,,,,,,,,,
8/17/2003,,,27,,,,,,,,,,,,,,,,,,,,,
8/17/2003,,,26,,,,,,,,,,,,,,,,,,,,,
8/17/2003,,,24,,,,,,,,,,,,,,,,,,,,,
8/17/2003,,,22,,,,,,,,,,,,,,,,,,,,,
8/17/2003,,,21,,,,,,,,,,,,,,,,,,,,,
8/17/2003,,,20,,,,,,,,,,,,,,,,,,,,,
8/17/2003,,,20,,,,,,,,,,,,,,,,,,,,,
8/18/2003,,,19,,,,,,,,,,,,,,,,,,,,,
8/18/2003,,,18,,,,,,,,,,,,,,,,,,,,,
8/18/2003,,,18,,,,,,,,,,,,,,,,,,,,,
8/18/2003,,,17,,,,,,,,,,,,,,,,,,,,,
8/18/2003,,,16,,,,,,,,,,,,,,,,,,,,,
8/18/2003,,,15,,,,,,,,,,,,,,,,,,,,,
8/18/2003,,,17,,,,,,,,,,,,,,,,,,,,,
8/18/2003,,,19,,,,,,,,,,,,,,,,,,,,,
8/18/2003,,,22,,,,,,,,,,,,,,,,,,,,,
8/18/2003,,,23,,,,,,,,,,,,,,,,,,,,,
8/18/2003,,,25,,,,,,,,,,,,,,,,,,,,,
8/18/2003,,,26,,,,,,,,,,,,,,,,,,,,,
8/18/2003,,,27,,,,,,,,,,,,,,,,,,,,,
8/18/2003,,,27,,,,,,,,,,,,,,,,,,,,,
8/18/2003,,,28,,,,,,,,,,,,,,,,,,,,,
8/18/2003,,,28,,,,,,,,,,,,,,,,,,,,,
8/18/2003,,,27,,,,,,,,,,,,,,,,,,,,,
8/18/2003,,,26,,,,,,,,,,,,,,,,,,,,,
8/18/2003,,,25,,,,,,,,,,,,,,,,,,,,,
8/18/2003,,,23,,,,,,,,,,,,,,,,,,,,,
8/18/2003,,,20,,,,,,,,,,,,,,,,,,,,,
8/18/2003,,,19,,,,,,,,,,,,,,,,,,,,,
8/18/2003,,,18,,,,,,,,,,,,,,,,,,,,,
8/18/2003,,,17,,,,,,,,,,,,,,,,,,,,,
8/19/2003,,,16,,,,,,,,,,,,,,,,,,,,,
8/19/2003,,,16,,,,,,,,,,,,,,,,,,,,,
8/19/2003,,,16,,,,,,,,,,,,,,,,,,,,,
8/19/2003,,,15,,,,,,,,,,,,,,,,,,,,,
8/19/2003,,,14,,,,,,,,,,,,,,,,,,,,,
8/19/2003,,,14,,,,,,,,,,,,,,,,,,,,,
8/19/2003,,,16,,,,,,,,,,,,,,,,,,,,,
8/19/2003,,,18,,,,,,,,,,,,,,,,,,,,,
8/19/2003,,,22,,,,,,,,,,,,,,,,,,,,,
8/19/2003,,,23,,,,,,,,,,,,,,,,,,,,,
8/19/2003,,,25,,,,,,,,,,,,,,,,,,,,,
8/19/2003,,,27,,,,,,,,,,,,,,,,,,,,,
8/19/2003,,,27,,,,,,,,,,,,,,,,,,,,,
8/19/2003,,,28,,,,,,,,,,,,,,,,,,,,,
8/19/2003,,,28,,,,,,,,,,,,,,,,,,,,,
8/19/2003,,,29,,,,,,,,,,,,,,,,,,,,,
8/19/2003,,,28,,,,,,,,,,,,,,,,,,,,,
8/19/2003,,,28,,,,,,,,,,,,,,,,,,,,,
8/19/2003,,,26,,,,,,,,,,,,,,,,,,,,,
8/19/2003,,,23,,,,,,,,,,,,,,,,,,,,,
8/19/2003,,,22,,,,,,,,,,,,,,,,,,,,,
8/19/2003,,,21,,,,,,,,,,,,,,,,,,,,,
8/19/2003,,,19,,,,,,,,,,,,,,,,,,,,,
8/19/2003,,,19,,,,,,,,,,,,,,,,,,,,,
8/20/2003,,,19,,,,,,,,,,,,,,,,,,,,,
8/20/2003,,,18,,,,,,,,,,,,,,,,,,,,,
8/20/2003,,,18,,,,,,,,,,,,,,,,,,,,,
8/20/2003,,,17,,,,,,,,,,,,,,,,,,,,,
8/20/2003,,,17,,,,,,,,,,,,,,,,,,,,,
8/20/2003,,,16,,,,,,,,,,,,,,,,,,,,,
8/20/2003,,,17,,,,,,,,,,,,,,,,,,,,,
8/20/2003,,,20,,,,,,,,,,,,,,,,,,,,,
8/20/2003,,,22,,,,,,,,,,,,,,,,,,,,,
8/20/2003,,,26,,,,,,,,,,,,,,,,,,,,,
8/20/2003,,,28,,,,,,,,,,,,,,,,,,,,,
8/20/2003,,,29,,,,,,,,,,,,,,,,,,,,,
8/20/2003,,,30,,,,,,,,,,,,,,,,,,,,,
8/20/2003,,,31,,,,,,,,,,,,,,,,,,,,,
8/20/2003,,,31,,,,,,,,,,,,,,,,,,,,,
8/20/2003,,,31,,,,,,,,,,,,,,,,,,,,,
8/20/2003,,,30,,,,,,,,,,,,,,,,,,,,,
8/20/2003,,,29,,,,,,,,,,,,,,,,,,,,,
8/20/2003,,,28,,,,,,,,,,,,,,,,,,,,,
8/20/2003,,,25,,,,,,,,,,,,,,,,,,,,,
8/20/2003,,,22,,,,,,,,,,,,,,,,,,,,,
8/20/2003,,,21,,,,,,,,,,,,,,,,,,,,,
8/20/2003,,,20,,,,,,,,,,,,,,,,,,,,,
8/20/2003,,,21,,,,,,,,,,,,,,,,,,,,,
8/21/2003,,,21,,,,,,,,,,,,,,,,,,,,,
8/21/2003,,,19,,,,,,,,,,,,,,,,,,,,,
8/21/2003,,,19,,,,,,,,,,,,,,,,,,,,,
8/21/2003,,,19,,,,,,,,,,,,,,,,,,,,,
8/21/2003,,,20,,,,,,,,,,,,,,,,,,,,,
8/21/2003,,,19,,,,,,,,,,,,,,,,,,,,,
8/21/2003,,,22,,,,,,,,,,,,,,,,,,,,,
8/21/2003,,,24,,,,,,,,,,,,,,,,,,,,,
8/21/2003,,,26,,,,,,,,,,,,,,,,,,,,,
8/21/2003,,,28,,,,,,,,,,,,,,,,,,,,,
8/21/2003,,,31,,,,,,,,,,,,,,,,,,,,,
8/21/2003,,,32,,,,,,,,,,,,,,,,,,,,,
8/21/2003,,,33,,,,,,,,,,,,,,,,,,,,,
8/21/2003,,,33,,,,,,,,,,,,,,,,,,,,,
8/21/2003,,,34,,,,,,,,,,,,,,,,,,,,,
8/21/2003,,,33,,,,,,,,,,,,,,,,,,,,,
8/21/2003,,,33,,,,,,,,,,,,,,,,,,,,,
8/21/2003,,,32,,,,,,,,,,,,,,,,,,,,,
8/21/2003,,,31,,,,,,,,,,,,,,,,,,,,,
8/21/2003,,,29,,,,,,,,,,,,,,,,,,,,,
8/21/2003,,,28,,,,,,,,,,,,,,,,,,,,,
8/21/2003,,,28,,,,,,,,,,,,,,,,,,,,,
8/21/2003,,,27,,,,,,,,,,,,,,,,,,,,,
8/21/2003,,,27,,,,,,,,,,,,,,,,,,,,,
8/22/2003,,,27,,,,,,,,,,,,,,,,,,,,,
8/22/2003,,,26,,,,,,,,,,,,,,,,,,,,,
8/22/2003,,,24,,,,,,,,,,,,,,,,,,,,,
8/22/2003,,,24,,,,,,,,,,,,,,,,,,,,,
8/22/2003,,,24,,,,,,,,,,,,,,,,,,,,,
8/22/2003,,,23,,,,,,,,,,,,,,,,,,,,,
8/22/2003,,,23,,,,,,,,,,,,,,,,,,,,,
8/22/2003,,,23,,,,,,,,,,,,,,,,,,,,,
8/22/2003,,,26,,,,,,,,,,,,,,,,,,,,,
8/22/2003,,,27,,,,,,,,,,,,,,,,,,,,,
8/22/2003,,,28,,,,,,,,,,,,,,,,,,,,,
8/22/2003,,,30,,,,,,,,,,,,,,,,,,,,,
8/22/2003,,,31,,,,,,,,,,,,,,,,,,,,,
8/22/2003,,,31,,,,,,,,,,,,,,,,,,,,,
8/22/2003,,,31,,,,,,,,,,,,,,,,,,,,,
8/22/2003,,,31,,,,,,,,,,,,,,,,,,,,,
8/22/2003,,,29,,,,,,,,,,,,,,,,,,,,,
8/22/2003,,,27,,,,,,,,,,,,,,,,,,,,,
8/22/2003,,,24,,,,,,,,,,,,,,,,,,,,,
8/22/2003,,,22,,,,,,,,,,,,,,,,,,,,,
8/22/2003,,,21,,,,,,,,,,,,,,,,,,,,,
8/22/2003,,,20,,,,,,,,,,,,,,,,,,,,,
8/22/2003,,,19,,,,,,,,,,,,,,,,,,,,,
8/22/2003,,,18,,,,,,,,,,,,,,,,,,,,,
8/23/2003,,,18,,,,,,,,,,,,,,,,,,,,,
8/23/2003,,,18,,,,,,,,,,,,,,,,,,,,,
8/23/2003,,,18,,,,,,,,,,,,,,,,,,,,,
8/23/2003,,,17,,,,,,,,,,,,,,,,,,,,,
8/23/2003,,,15,,,,,,,,,,,,,,,,,,,,,
8/23/2003,,,16,,,,,,,,,,,,,,,,,,,,,
8/23/2003,,,17,,,,,,,,,,,,,,,,,,,,,
8/23/2003,,,19,,,,,,,,,,,,,,,,,,,,,
8/23/2003,,,21,,,,,,,,,,,,,,,,,,,,,
8/23/2003,,,24,,,,,,,,,,,,,,,,,,,,,
8/23/2003,,,26,,,,,,,,,,,,,,,,,,,,,
8/23/2003,,,27,,,,,,,,,,,,,,,,,,,,,
8/23/2003,,,28,,,,,,,,,,,,,,,,,,,,,
8/23/2003,,,29,,,,,,,,,,,,,,,,,,,,,
8/23/2003,,,29,,,,,,,,,,,,,,,,,,,,,
8/23/2003,,,28,,,,,,,,,,,,,,,,,,,,,
8/23/2003,,,28,,,,,,,,,,,,,,,,,,,,,
8/23/2003,,,27,,,,,,,,,,,,,,,,,,,,,
8/23/2003,,,26,,,,,,,,,,,,,,,,,,,,,
8/23/2003,,,23,,,,,,,,,,,,,,,,,,,,,
8/23/2003,,,21,,,,,,,,,,,,,,,,,,,,,
8/23/2003,,,21,,,,,,,,,,,,,,,,,,,,,
8/23/2003,,,19,,,,,,,,,,,,,,,,,,,,,
8/23/2003,,,18,,,,,,,,,,,,,,,,,,,,,
8/24/2003,,,16,,,,,,,,,,,,,,,,,,,,,
8/24/2003,,,16,,,,,,,,,,,,,,,,,,,,,
8/24/2003,,,16,,,,,,,,,,,,,,,,,,,,,
8/24/2003,,,16,,,,,,,,,,,,,,,,,,,,,
8/24/2003,,,15,,,,,,,,,,,,,,,,,,,,,
8/24/2003,,,16,,,,,,,,,,,,,,,,,,,,,
8/24/2003,,,16,,,,,,,,,,,,,,,,,,,,,
8/24/2003,,,19,,,,,,,,,,,,,,,,,,,,,
8/24/2003,,,22,,,,,,,,,,,,,,,,,,,,,
8/24/2003,,,24,,,,,,,,,,,,,,,,,,,,,
8/24/2003,,,26,,,,,,,,,,,,,,,,,,,,,
8/24/2003,,,27,,,,,,,,,,,,,,,,,,,,,
8/24/2003,,,28,,,,,,,,,,,,,,,,,,,,,
8/24/2003,,,29,,,,,,,,,,,,,,,,,,,,,
8/24/2003,,,29,,,,,,,,,,,,,,,,,,,,,
8/24/2003,,,29,,,,,,,,,,,,,,,,,,,,,
8/24/2003,,,29,,,,,,,,,,,,,,,,,,,,,
8/24/2003,,,28,,,,,,,,,,,,,,,,,,,,,
8/24/2003,,,27,,,,,,,,,,,,,,,,,,,,,
8/24/2003,,,24,,,,,,,,,,,,,,,,,,,,,
8/24/2003,,,23,,,,,,,,,,,,,,,,,,,,,
8/24/2003,,,22,,,,,,,,,,,,,,,,,,,,,
8/24/2003,,,21,,,,,,,,,,,,,,,,,,,,,
8/24/2003,,,20,,,,,,,,,,,,,,,,,,,,,
8/25/2003,,,19,,,,,,,,,,,,,,,,,,,,,
8/25/2003,,,19,,,,,,,,,,,,,,,,,,,,,
8/25/2003,,,19,,,,,,,,,,,,,,,,,,,,,
8/25/2003,,,18,,,,,,,,,,,,,,,,,,,,,
8/25/2003,,,18,,,,,,,,,,,,,,,,,,,,,
8/25/2003,,,17,,,,,,,,,,,,,,,,,,,,,
8/25/2003,,,18,,,,,,,,,,,,,,,,,,,,,
8/25/2003,,,21,,,,,,,,,,,,,,,,,,,,,
8/25/2003,,,24,,,,,,,,,,,,,,,,,,,,,
8/25/2003,,,27,,,,,,,,,,,,,,,,,,,,,
8/25/2003,,,29,,,,,,,,,,,,,,,,,,,,,
8/25/2003,,,31,,,,,,,,,,,,,,,,,,,,,
8/25/2003,,,32,,,,,,,,,,,,,,,,,,,,,
8/25/2003,,,33,,,,,,,,,,,,,,,,,,,,,
8/25/2003,,,33,,,,,,,,,,,,,,,,,,,,,
8/25/2003,,,33,,,,,,,,,,,,,,,,,,,,,
8/25/2003,,,32,,,,,,,,,,,,,,,,,,,,,
8/25/2003,,,31,,,,,,,,,,,,,,,,,,,,,
8/25/2003,,,29,,,,,,,,,,,,,,,,,,,,,
8/25/2003,,,28,,,,,,,,,,,,,,,,,,,,,
8/25/2003,,,26,,,,,,,,,,,,,,,,,,,,,
8/25/2003,,,26,,,,,,,,,,,,,,,,,,,,,
8/25/2003,,,24,,,,,,,,,,,,,,,,,,,,,
8/25/2003,,,24,,,,,,,,,,,,,,,,,,,,,
8/26/2003,,,24,,,,,,,,,,,,,,,,,,,,,
8/26/2003,,,22,,,,,,,,,,,,,,,,,,,,,
8/26/2003,,,23,,,,,,,,,,,,,,,,,,,,,
8/26/2003,,,22,,,,,,,,,,,,,,,,,,,,,
8/26/2003,,,21,,,,,,,,,,,,,,,,,,,,,
8/26/2003,,,20,,,,,,,,,,,,,,,,,,,,,
8/26/2003,,,21,,,,,,,,,,,,,,,,,,,,,
8/26/2003,,,22,,,,,,,,,,,,,,,,,,,,,
8/26/2003,,,25,,,,,,,,,,,,,,,,,,,,,
8/26/2003,,,28,,,,,,,,,,,,,,,,,,,,,
8/26/2003,,,29,,,,,,,,,,,,,,,,,,,,,
8/26/2003,,,32,,,,,,,,,,,,,,,,,,,,,
8/26/2003,,,33,,,,,,,,,,,,,,,,,,,,,
8/26/2003,,,33,,,,,,,,,,,,,,,,,,,,,
8/26/2003,,,34,,,,,,,,,,,,,,,,,,,,,
8/26/2003,,,34,,,,,,,,,,,,,,,,,,,,,
8/26/2003,,,33,,,,,,,,,,,,,,,,,,,,,
8/26/2003,,,32,,,,,,,,,,,,,,,,,,,,,
8/26/2003,,,30,,,,,,,,,,,,,,,,,,,,,
8/26/2003,,,29,,,,,,,,,,,,,,,,,,,,,
8/26/2003,,,27,,,,,,,,,,,,,,,,,,,,,
8/26/2003,,,26,,,,,,,,,,,,,,,,,,,,,
8/26/2003,,,26,,,,,,,,,,,,,,,,,,,,,
8/26/2003,,,25,,,,,,,,,,,,,,,,,,,,,
8/27/2003,,,24,,,,,,,,,,,,,,,,,,,,,
8/27/2003,,,24,,,,,,,,,,,,,,,,,,,,,
8/27/2003,,,25,,,,,,,,,,,,,,,,,,,,,
8/27/2003,,,24,,,,,,,,,,,,,,,,,,,,,
8/27/2003,,,23,,,,,,,,,,,,,,,,,,,,,
8/27/2003,,,22,,,,,,,,,,,,,,,,,,,,,
8/27/2003,,,24,,,,,,,,,,,,,,,,,,,,,
8/27/2003,,,26,,,,,,,,,,,,,,,,,,,,,
8/27/2003,,,27,,,,,,,,,,,,,,,,,,,,,
8/27/2003,,,29,,,,,,,,,,,,,,,,,,,,,
8/27/2003,,,31,,,,,,,,,,,,,,,,,,,,,
8/27/2003,,,33,,,,,,,,,,,,,,,,,,,,,
8/27/2003,,,34,,,,,,,,,,,,,,,,,,,,,
8/27/2003,,,34,,,,,,,,,,,,,,,,,,,,,
8/27/2003,,,34,,,,,,,,,,,,,,,,,,,,,
8/27/2003,,,34,,,,,,,,,,,,,,,,,,,,,
8/27/2003,,,34,,,,,,,,,,,,,,,,,,,,,
8/27/2003,,,32,,,,,,,,,,,,,,,,,,,,,
8/27/2003,,,29,,,,,,,,,,,,,,,,,,,,,
8/27/2003,,,26,,,,,,,,,,,,,,,,,,,,,
8/27/2003,,,24,,,,,,,,,,,,,,,,,,,,,
8/27/2003,,,23,,,,,,,,,,,,,,,,,,,,,
8/27/2003,,,21,,,,,,,,,,,,,,,,,,,,,
8/27/2003,,,21,,,,,,,,,,,,,,,,,,,,,
8/28/2003,,,20,,,,,,,,,,,,,,,,,,,,,
8/28/2003,,,18,,,,,,,,,,,,,,,,,,,,,
8/28/2003,,,18,,,,,,,,,,,,,,,,,,,,,
8/28/2003,,,18,,,,,,,,,,,,,,,,,,,,,
8/28/2003,,,17,,,,,,,,,,,,,,,,,,,,,
8/28/2003,,,17,,,,,,,,,,,,,,,,,,,,,
8/28/2003,,,18,,,,,,,,,,,,,,,,,,,,,
8/28/2003,,,21,,,,,,,,,,,,,,,,,,,,,
8/28/2003,,,23,,,,,,,,,,,,,,,,,,,,,
8/28/2003,,,26,,,,,,,,,,,,,,,,,,,,,
8/28/2003,,,29,,,,,,,,,,,,,,,,,,,,,
8/28/2003,,,31,,,,,,,,,,,,,,,,,,,,,
8/28/2003,,,31,,,,,,,,,,,,,,,,,,,,,
8/28/2003,,,32,,,,,,,,,,,,,,,,,,,,,
8/28/2003,,,33,,,,,,,,,,,,,,,,,,,,,
8/28/2003,,,33,,,,,,,,,,,,,,,,,,,,,
8/28/2003,,,32,,,,,,,,,,,,,,,,,,,,,
8/28/2003,,,31,,,,,,,,,,,,,,,,,,,,,
8/28/2003,,,29,,,,,,,,,,,,,,,,,,,,,
8/28/2003,,,27,,,,,,,,,,,,,,,,,,,,,
8/28/2003,,,26,,,,,,,,,,,,,,,,,,,,,
8/28/2003,,,25,,,,,,,,,,,,,,,,,,,,,
8/28/2003,,,24,,,,,,,,,,,,,,,,,,,,,
8/28/2003,,,24,,,,,,,,,,,,,,,,,,,,,
8/29/2003,,,24,,,,,,,,,,,,,,,,,,,,,
8/29/2003,,,23.6,,,,,,,,,,,,,,,,,,,,,
8/29/2003,,,23.3,,,,,,,,,,,,,,,,,,,,,
8/29/2003,,,23,,,,,,,,,,,,,,,,,,,,,
8/29/2003,,,23,,,,,,,,,,,,,,,,,,,,,
8/29/2003,,,23,,,,,,,,,,,,,,,,,,,,,
8/29/2003,,,22,,,,,,,,,,,,,,,,,,,,,
8/29/2003,,,21,,,,,,,,,,,,,,,,,,,,,
8/29/2003,,,20,,,,,,,,,,,,,,,,,,,,,
8/29/2003,,,21,,,,,,,,,,,,,,,,,,,,,
8/29/2003,,,22,,,,,,,,,,,,,,,,,,,,,
8/29/2003,,,23,,,,,,,,,,,,,,,,,,,,,
8/29/2003,,,22,,,,,,,,,,,,,,,,,,,,,
8/29/2003,,,21,,,,,,,,,,,,,,,,,,,,,
8/29/2003,,,20,,,,,,,,,,,,,,,,,,,,,
8/29/2003,,,18,,,,,,,,,,,,,,,,,,,,,
8/29/2003,,,17,,,,,,,,,,,,,,,,,,,,,
8/29/2003,,,18,,,,,,,,,,,,,,,,,,,,,
8/29/2003,,,18,,,,,,,,,,,,,,,,,,,,,
8/29/2003,,,18,,,,,,,,,,,,,,,,,,,,,
8/29/2003,,,18,,,,,,,,,,,,,,,,,,,,,
8/29/2003,,,18,,,,,,,,,,,,,,,,,,,,,
8/29/2003,,,18,,,,,,,,,,,,,,,,,,,,,
8/29/2003,,,18,,,,,,,,,,,,,,,,,,,,,
8/30/2003,,,18,,,,,,,,,,,,,,,,,,,,,
8/30/2003,,,17,,,,,,,,,,,,,,,,,,,,,
8/30/2003,,,17,,,,,,,,,,,,,,,,,,,,,
8/30/2003,,,15,,,,,,,,,,,,,,,,,,,,,
8/30/2003,,,14,,,,,,,,,,,,,,,,,,,,,
8/30/2003,,,14,,,,,,,,,,,,,,,,,,,,,
8/30/2003,,,13,,,,,,,,,,,,,,,,,,,,,
8/30/2003,,,13,,,,,,,,,,,,,,,,,,,,,
8/30/2003,,,14,,,,,,,,,,,,,,,,,,,,,
8/30/2003,,,14,,,,,,,,,,,,,,,,,,,,,
8/30/2003,,,14,,,,,,,,,,,,,,,,,,,,,
8/30/2003,,,16,,,,,,,,,,,,,,,,,,,,,
8/30/2003,,,17,,,,,,,,,,,,,,,,,,,,,
8/30/2003,,,26,,,,,,,,,,,,,,,,,,,,,
8/30/2003,,,26,,,,,,,,,,,,,,,,,,,,,
8/30/2003,,,26,,,,,,,,,,,,,,,,,,,,,
8/30/2003,,,26,,,,,,,,,,,,,,,,,,,,,
8/30/2003,,,24,,,,,,,,,,,,,,,,,,,,,
8/30/2003,,,23,,,,,,,,,,,,,,,,,,,,,
8/30/2003,,,21,,,,,,,,,,,,,,,,,,,,,
8/30/2003,,,21,,,,,,,,,,,,,,,,,,,,,
8/30/2003,,,21,,,,,,,,,,,,,,,,,,,,,
8/30/2003,,,20,,,,,,,,,,,,,,,,,,,,,
8/30/2003,,,20,,,,,,,,,,,,,,,,,,,,,
8/31/2003,,,19,,,,,,,,,,,,,,,,,,,,,
8/31/2003,,,19,,,,,,,,,,,,,,,,,,,,,
8/31/2003,,,18,,,,,,,,,,,,,,,,,,,,,
8/31/2003,,,18,,,,,,,,,,,,,,,,,,,,,
8/31/2003,,,18,,,,,,,,,,,,,,,,,,,,,
8/31/2003,,,18,,,,,,,,,,,,,,,,,,,,,
8/31/2003,,,18,,,,,,,,,,,,,,,,,,,,,
8/31/2003,,,19,,,,,,,,,,,,,,,,,,,,,
8/31/2003,,,19,,,,,,,,,,,,,,,,,,,,,
8/31/2003,,,19,,,,,,,,,,,,,,,,,,,,,
8/31/2003,,,19,,,,,,,,,,,,,,,,,,,,,
8/31/2003,,,21,,,,,,,,,,,,,,,,,,,,,
8/31/2003,,,19,,,,,,,,,,,,,,,,,,,,,
8/31/2003,,,19,,,,,,,,,,,,,,,,,,,,,
8/31/2003,,,18,,,,,,,,,,,,,,,,,,,,,
8/31/2003,,,18,,,,,,,,,,,,,,,,,,,,,
8/31/2003,,,18,,,,,,,,,,,,,,,,,,,,,
8/31/2003,,,18,,,,,,,,,,,,,,,,,,,,,
8/31/2003,,,18,,,,,,,,,,,,,,,,,,,,,
8/31/2003,,,18,,,,,,,,,,,,,,,,,,,,,
8/31/2003,,,17,,,,,,,,,,,,,,,,,,,,,
8/31/2003,,,17.4,,,,,,,,,,,,,,,,,,,,,
8/31/2003,,,17.9,,,,,,,,,,,,,,,,,,,,,
8/31/2003,,,18.3,,,,,,,,,,,,,,,,,,,,,
9/1/2000,,,18.7,,,,,,,,,,,,,,,,,,,,,
9/1/2000,,,19.1,,,,,,,,,,,,,,,,,,,,,
9/1/2000,,,19.6,,,,,,,,,,,,,,,,,,,,,
9/1/2000,,,20,,,,,,,,,,,,,,,,,,,,,
9/1/2000,,,19.4,,,,,,,,,,,,,,,,,,,,,
9/1/2000,,,20,,,,,,,,,,,,,,,,,,,,,
9/1/2000,,,20,,,,,,,,,,,,,,,,,,,,,
9/1/2000,,,22.8,,,,,,,,,,,,,,,,,,,,,
9/1/2000,,,26.1,,,,,,,,,,,,,,,,,,,,,
9/1/2000,,,28.3,,,,,,,,,,,,,,,,,,,,,
9/1/2000,,,30,,,,,,,,,,,,,,,,,,,,,
9/1/2000,,,31.1,,,,,,,,,,,,,,,,,,,,,
9/1/2000,,,32.2,,,,,,,,,,,,,,,,,,,,,
9/1/2000,,,32.8,,,,,,,,,,,,,,,,,,,,,
9/1/2000,,,33.3,,,,,,,,,,,,,,,,,,,,,
9/1/2000,,,33.3,,,,,,,,,,,,,,,,,,,,,
9/1/2000,,,33.3,,,,,,,,,,,,,,,,,,,,,
9/1/2000,,,32.8,,,,,,,,,,,,,,,,,,,,,
9/1/2000,,,31.1,,,,,,,,,,,,,,,,,,,,,
9/1/2000,,,27.2,,,,,,,,,,,,,,,,,,,,,
9/1/2000,,,27.8,,,,,,,,,,,,,,,,,,,,,
9/1/2000,,,26.7,,,,,,,,,,,,,,,,,,,,,
9/1/2000,,,24.4,,,,,,,,,,,,,,,,,,,,,
9/1/2000,,,25,,,,,,,,,,,,,,,,,,,,,
9/2/2000,,,24.4,,,,,,,,,,,,,,,,,,,,,
9/2/2000,,,22.8,,,,,,,,,,,,,,,,,,,,,
9/2/2000,,,22.2,,,,,,,,,,,,,,,,,,,,,
9/2/2000,,,21.7,,,,,,,,,,,,,,,,,,,,,
9/2/2000,,,21.1,,,,,,,,,,,,,,,,,,,,,
9/2/2000,,,21.1,,,,,,,,,,,,,,,,,,,,,
9/2/2000,,,20.6,,,,,,,,,,,,,,,,,,,,,
9/2/2000,,,23.3,,,,,,,,,,,,,,,,,,,,,
9/2/2000,,,26.1,,,,,,,,,,,,,,,,,,,,,
9/2/2000,,,28.9,,,,,,,,,,,,,,,,,,,,,
9/2/2000,,,30.6,,,,,,,,,,,,,,,,,,,,,
9/2/2000,,,31.7,,,,,,,,,,,,,,,,,,,,,
9/2/2000,,,31.7,,,,,,,,,,,,,,,,,,,,,
9/2/2000,,,32.2,,,,,,,,,,,,,,,,,,,,,
9/2/2000,,,33.3,,,,,,,,,,,,,,,,,,,,,
9/2/2000,,,33.9,,,,,,,,,,,,,,,,,,,,,
9/2/2000,,,33.3,,,,,,,,,,,,,,,,,,,,,
9/2/2000,,,32.2,,,,,,,,,,,,,,,,,,,,,
9/2/2000,,,30.6,,,,,,,,,,,,,,,,,,,,,
9/2/2000,,,27.8,,,,,,,,,,,,,,,,,,,,,
9/2/2000,,,26.1,,,,,,,,,,,,,,,,,,,,,
9/2/2000,,,26.1,,,,,,,,,,,,,,,,,,,,,
9/2/2000,,,25.6,,,,,,,,,,,,,,,,,,,,,
9/2/2000,,,22.8,,,,,,,,,,,,,,,,,,,,,
9/3/2000,,,22.8,,,,,,,,,,,,,,,,,,,,,
9/3/2000,,,22.2,,,,,,,,,,,,,,,,,,,,,
9/3/2000,,,22.8,,,,,,,,,,,,,,,,,,,,,
9/3/2000,,,21.1,,,,,,,,,,,,,,,,,,,,,
9/3/2000,,,20.6,,,,,,,,,,,,,,,,,,,,,
9/3/2000,,,20,,,,,,,,,,,,,,,,,,,,,
9/3/2000,,,20.6,,,,,,,,,,,,,,,,,,,,,
9/3/2000,,,22.2,,,,,,,,,,,,,,,,,,,,,
9/3/2000,,,25.6,,,,,,,,,,,,,,,,,,,,,
9/3/2000,,,28.9,,,,,,,,,,,,,,,,,,,,,
9/3/2000,,,30,,,,,,,,,,,,,,,,,,,,,
9/3/2000,,,31.1,,,,,,,,,,,,,,,,,,,,,
9/3/2000,,,30.6,,,,,,,,,,,,,,,,,,,,,
9/3/2000,,,30.6,,,,,,,,,,,,,,,,,,,,,
9/3/2000,,,30.6,,,,,,,,,,,,,,,,,,,,,
9/3/2000,,,31.1,,,,,,,,,,,,,,,,,,,,,
9/3/2000,,,30.6,,,,,,,,,,,,,,,,,,,,,
9/3/2000,,,30.6,,,,,,,,,,,,,,,,,,,,,
9/3/2000,,,29.4,,,,,,,,,,,,,,,,,,,,,
9/3/2000,,,27.2,,,,,,,,,,,,,,,,,,,,,
9/3/2000,,,27,,,,,,,,,,,,,,,,,,,,,
9/3/2000,,,26.7,,,,,,,,,,,,,,,,,,,,,
9/3/2000,,,22.8,,,,,,,,,,,,,,,,,,,,,
9/3/2000,,,21.7,,,,,,,,,,,,,,,,,,,,,
9/4/2000,,,21.7,,,,,,,,,,,,,,,,,,,,,
9/4/2000,,,21.1,,,,,,,,,,,,,,,,,,,,,
9/4/2000,,,20.6,,,,,,,,,,,,,,,,,,,,,
9/4/2000,,,21,,,,,,,,,,,,,,,,,,,,,
9/4/2000,,,20,,,,,,,,,,,,,,,,,,,,,
9/4/2000,,,21,,,,,,,,,,,,,,,,,,,,,
9/4/2000,,,21,,,,,,,,,,,,,,,,,,,,,
9/4/2000,,,20,,,,,,,,,,,,,,,,,,,,,
9/4/2000,,,21.1,,,,,,,,,,,,,,,,,,,,,
9/4/2000,,,21.1,,,,,,,,,,,,,,,,,,,,,
9/4/2000,,,21.7,,,,,,,,,,,,,,,,,,,,,
9/4/2000,,,22,,,,,,,,,,,,,,,,,,,,,
9/4/2000,,,23.3,,,,,,,,,,,,,,,,,,,,,
9/4/2000,,,23.3,,,,,,,,,,,,,,,,,,,,,
9/4/2000,,,22.8,,,,,,,,,,,,,,,,,,,,,
9/4/2000,,,22.8,,,,,,,,,,,,,,,,,,,,,
9/4/2000,,,21.1,,,,,,,,,,,,,,,,,,,,,
9/4/2000,,,20,,,,,,,,,,,,,,,,,,,,,
9/4/2000,,,19.4,,,,,,,,,,,,,,,,,,,,,
9/4/2000,,,18.9,,,,,,,,,,,,,,,,,,,,,
9/4/2000,,,18.3,,,,,,,,,,,,,,,,,,,,,
9/4/2000,,,18.3,,,,,,,,,,,,,,,,,,,,,
9/4/2000,,,17.8,,,,,,,,,,,,,,,,,,,,,
9/4/2000,,,16.7,,,,,,,,,,,,,,,,,,,,,
9/5/2000,,,15.6,,,,,,,,,,,,,,,,,,,,,
9/5/2000,,,14.4,,,,,,,,,,,,,,,,,,,,,
9/5/2000,,,13.9,,,,,,,,,,,,,,,,,,,,,
9/5/2000,,,12.8,,,,,,,,,,,,,,,,,,,,,
9/5/2000,,,11.7,,,,,,,,,,,,,,,,,,,,,
9/5/2000,,,11.1,,,,,,,,,,,,,,,,,,,,,
9/5/2000,,,11.1,,,,,,,,,,,,,,,,,,,,,
9/5/2000,,,12.8,,,,,,,,,,,,,,,,,,,,,
9/5/2000,,,15.6,,,,,,,,,,,,,,,,,,,,,
9/5/2000,,,17.2,,,,,,,,,,,,,,,,,,,,,
9/5/2000,,,19.4,,,,,,,,,,,,,,,,,,,,,
9/5/2000,,,21.1,,,,,,,,,,,,,,,,,,,,,
9/5/2000,,,21.7,,,,,,,,,,,,,,,,,,,,,
9/5/2000,,,22.2,,,,,,,,,,,,,,,,,,,,,
9/5/2000,,,22.8,,,,,,,,,,,,,,,,,,,,,
9/5/2000,,,22.2,,,,,,,,,,,,,,,,,,,,,
9/5/2000,,,22.2,,,,,,,,,,,,,,,,,,,,,
9/5/2000,,,21.1,,,,,,,,,,,,,,,,,,,,,
9/5/2000,,,19.4,,,,,,,,,,,,,,,,,,,,,
9/5/2000,,,17.8,,,,,,,,,,,,,,,,,,,,,
9/5/2000,,,16.7,,,,,,,,,,,,,,,,,,,,,
9/5/2000,,,15.6,,,,,,,,,,,,,,,,,,,,,
9/5/2000,,,14.4,,,,,,,,,,,,,,,,,,,,,
9/5/2000,,,13.9,,,,,,,,,,,,,,,,,,,,,
9/6/2000,,,12.2,,,,,,,,,,,,,,,,,,,,,
9/6/2000,,,11.7,,,,,,,,,,,,,,,,,,,,,
9/6/2000,,,10.6,,,,,,,,,,,,,,,,,,,,,
9/6/2000,,,10.6,,,,,,,,,,,,,,,,,,,,,
9/6/2000,,,10,,,,,,,,,,,,,,,,,,,,,
9/6/2000,,,10,,,,,,,,,,,,,,,,,,,,,
9/6/2000,,,10,,,,,,,,,,,,,,,,,,,,,
9/6/2000,,,11.7,,,,,,,,,,,,,,,,,,,,,
9/6/2000,,,13.9,,,,,,,,,,,,,,,,,,,,,
9/6/2000,,,17.2,,,,,,,,,,,,,,,,,,,,,
9/6/2000,,,20,,,,,,,,,,,,,,,,,,,,,
9/6/2000,,,22.8,,,,,,,,,,,,,,,,,,,,,
9/6/2000,,,23.9,,,,,,,,,,,,,,,,,,,,,
9/6/2000,,,26.1,,,,,,,,,,,,,,,,,,,,,
9/6/2000,,,26.7,,,,,,,,,,,,,,,,,,,,,
9/6/2000,,,26.1,,,,,,,,,,,,,,,,,,,,,
9/6/2000,,,27.2,,,,,,,,,,,,,,,,,,,,,
9/6/2000,,,26.1,,,,,,,,,,,,,,,,,,,,,
9/6/2000,,,23.9,,,,,,,,,,,,,,,,,,,,,
9/6/2000,,,21.1,,,,,,,,,,,,,,,,,,,,,
9/6/2000,,,21.7,,,,,,,,,,,,,,,,,,,,,
9/6/2000,,,20.6,,,,,,,,,,,,,,,,,,,,,
9/6/2000,,,20,,,,,,,,,,,,,,,,,,,,,
9/6/2000,,,18.9,,,,,,,,,,,,,,,,,,,,,
9/7/2000,,,18.3,,,,,,,,,,,,,,,,,,,,,
9/7/2000,,,18.9,,,,,,,,,,,,,,,,,,,,,
9/7/2000,,,17.8,,,,,,,,,,,,,,,,,,,,,
9/7/2000,,,17.8,,,,,,,,,,,,,,,,,,,,,
9/7/2000,,,16.7,,,,,,,,,,,,,,,,,,,,,
9/7/2000,,,16.7,,,,,,,,,,,,,,,,,,,,,
9/7/2000,,,16.7,,,,,,,,,,,,,,,,,,,,,
9/7/2000,,,18.3,,,,,,,,,,,,,,,,,,,,,
9/7/2000,,,21.1,,,,,,,,,,,,,,,,,,,,,
9/7/2000,,,24.4,,,,,,,,,,,,,,,,,,,,,
9/7/2000,,,27.2,,,,,,,,,,,,,,,,,,,,,
9/7/2000,,,28.3,,,,,,,,,,,,,,,,,,,,,
9/7/2000,,,30,,,,,,,,,,,,,,,,,,,,,
9/7/2000,,,29.4,,,,,,,,,,,,,,,,,,,,,
9/7/2000,,,30.6,,,,,,,,,,,,,,,,,,,,,
9/7/2000,,,30,,,,,,,,,,,,,,,,,,,,,
9/7/2000,,,30,,,,,,,,,,,,,,,,,,,,,
9/7/2000,,,28.3,,,,,,,,,,,,,,,,,,,,,
9/7/2000,,,26.7,,,,,,,,,,,,,,,,,,,,,
9/7/2000,,,24.4,,,,,,,,,,,,,,,,,,,,,
9/7/2000,,,23.9,,,,,,,,,,,,,,,,,,,,,
9/7/2000,,,22.8,,,,,,,,,,,,,,,,,,,,,
9/7/2000,,,22.8,,,,,,,,,,,,,,,,,,,,,
9/7/2000,,,21.7,,,,,,,,,,,,,,,,,,,,,
9/8/2000,,,20.6,,,,,,,,,,,,,,,,,,,,,
9/8/2000,,,20,,,,,,,,,,,,,,,,,,,,,
9/8/2000,,,18.9,,,,,,,,,,,,,,,,,,,,,
9/8/2000,,,18.9,,,,,,,,,,,,,,,,,,,,,
9/8/2000,,,19.4,,,,,,,,,,,,,,,,,,,,,
9/8/2000,,,18.9,,,,,,,,,,,,,,,,,,,,,
9/8/2000,,,19.4,,,,,,,,,,,,,,,,,,,,,
9/8/2000,,,20.6,,,,,,,,,,,,,,,,,,,,,
9/8/2000,,,21.7,,,,,,,,,,,,,,,,,,,,,
9/8/2000,,,22.8,,,,,,,,,,,,,,,,,,,,,
9/8/2000,,,23.9,,,,,,,,,,,,,,,,,,,,,
9/8/2000,,,24.4,,,,,,,,,,,,,,,,,,,,,
9/8/2000,,,25.6,,,,,,,,,,,,,,,,,,,,,
9/8/2000,,,27.2,,,,,,,,,,,,,,,,,,,,,
9/8/2000,,,27.2,,,,,,,,,,,,,,,,,,,,,
9/8/2000,,,27.8,,,,,,,,,,,,,,,,,,,,,
9/8/2000,,,27.2,,,,,,,,,,,,,,,,,,,,,
9/8/2000,,,27.2,,,,,,,,,,,,,,,,,,,,,
9/8/2000,,,25.6,,,,,,,,,,,,,,,,,,,,,
9/8/2000,,,24.4,,,,,,,,,,,,,,,,,,,,,
9/8/2000,,,23.3,,,,,,,,,,,,,,,,,,,,,
9/8/2000,,,22.8,,,,,,,,,,,,,,,,,,,,,
9/8/2000,,,22.2,,,,,,,,,,,,,,,,,,,,,
9/8/2000,,,21.7,,,,,,,,,,,,,,,,,,,,,
9/9/2000,,,21.1,,,,,,,,,,,,,,,,,,,,,
9/9/2000,,,21,,,,,,,,,,,,,,,,,,,,,
9/9/2000,,,20,,,,,,,,,,,,,,,,,,,,,
9/9/2000,,,20,,,,,,,,,,,,,,,,,,,,,
9/9/2000,,,19.4,,,,,,,,,,,,,,,,,,,,,
9/9/2000,,,20,,,,,,,,,,,,,,,,,,,,,
9/9/2000,,,20.6,,,,,,,,,,,,,,,,,,,,,
9/9/2000,,,21.1,,,,,,,,,,,,,,,,,,,,,
9/9/2000,,,23,,,,,,,,,,,,,,,,,,,,,
9/9/2000,,,23.9,,,,,,,,,,,,,,,,,,,,,
9/9/2000,,,25.6,,,,,,,,,,,,,,,,,,,,,
9/9/2000,,,26.7,,,,,,,,,,,,,,,,,,,,,
9/9/2000,,,27.8,,,,,,,,,,,,,,,,,,,,,
9/9/2000,,,27.8,,,,,,,,,,,,,,,,,,,,,
9/9/2000,,,27.8,,,,,,,,,,,,,,,,,,,,,
9/9/2000,,,27.8,,,,,,,,,,,,,,,,,,,,,
9/9/2000,,,28.3,,,,,,,,,,,,,,,,,,,,,
9/9/2000,,,27.2,,,,,,,,,,,,,,,,,,,,,
9/9/2000,,,26.1,,,,,,,,,,,,,,,,,,,,,
9/9/2000,,,24.4,,,,,,,,,,,,,,,,,,,,,
9/9/2000,,,23.9,,,,,,,,,,,,,,,,,,,,,
9/9/2000,,,23.3,,,,,,,,,,,,,,,,,,,,,
9/9/2000,,,22.8,,,,,,,,,,,,,,,,,,,,,
9/9/2000,,,22.8,,,,,,,,,,,,,,,,,,,,,
9/10/2000,,,22.8,,,,,,,,,,,,,,,,,,,,,
9/10/2000,,,23,,,,,,,,,,,,,,,,,,,,,
9/10/2000,,,22.8,,,,,,,,,,,,,,,,,,,,,
9/10/2000,,,22.8,,,,,,,,,,,,,,,,,,,,,
9/10/2000,,,22.2,,,,,,,,,,,,,,,,,,,,,
9/10/2000,,,22.8,,,,,,,,,,,,,,,,,,,,,
9/10/2000,,,23,,,,,,,,,,,,,,,,,,,,,
9/10/2000,,,22.8,,,,,,,,,,,,,,,,,,,,,
9/10/2000,,,22.8,,,,,,,,,,,,,,,,,,,,,
9/10/2000,,,22.2,,,,,,,,,,,,,,,,,,,,,
9/10/2000,,,22.2,,,,,,,,,,,,,,,,,,,,,
9/10/2000,,,21.7,,,,,,,,,,,,,,,,,,,,,
9/10/2000,,,22.8,,,,,,,,,,,,,,,,,,,,,
9/10/2000,,,22.8,,,,,,,,,,,,,,,,,,,,,
9/10/2000,,,23.3,,,,,,,,,,,,,,,,,,,,,
9/10/2000,,,23.9,,,,,,,,,,,,,,,,,,,,,
9/10/2000,,,23.3,,,,,,,,,,,,,,,,,,,,,
9/10/2000,,,23.3,,,,,,,,,,,,,,,,,,,,,
9/10/2000,,,23.3,,,,,,,,,,,,,,,,,,,,,
9/10/2000,,,22.8,,,,,,,,,,,,,,,,,,,,,
9/10/2000,,,22.2,,,,,,,,,,,,,,,,,,,,,
9/10/2000,,,21.7,,,,,,,,,,,,,,,,,,,,,
9/10/2000,,,21.7,,,,,,,,,,,,,,,,,,,,,
9/10/2000,,,21.1,,,,,,,,,,,,,,,,,,,,,
9/11/2000,,,21.7,,,,,,,,,,,,,,,,,,,,,
9/11/2000,,,22.2,,,,,,,,,,,,,,,,,,,,,
9/11/2000,,,21.7,,,,,,,,,,,,,,,,,,,,,
9/11/2000,,,22.2,,,,,,,,,,,,,,,,,,,,,
9/11/2000,,,22.2,,,,,,,,,,,,,,,,,,,,,
9/11/2000,,,22,,,,,,,,,,,,,,,,,,,,,
9/11/2000,,,22,,,,,,,,,,,,,,,,,,,,,
9/11/2000,,,22.8,,,,,,,,,,,,,,,,,,,,,
9/11/2000,,,24.4,,,,,,,,,,,,,,,,,,,,,
9/11/2000,,,26.1,,,,,,,,,,,,,,,,,,,,,
9/11/2000,,,28.3,,,,,,,,,,,,,,,,,,,,,
9/11/2000,,,30,,,,,,,,,,,,,,,,,,,,,
9/11/2000,,,31.1,,,,,,,,,,,,,,,,,,,,,
9/11/2000,,,31.1,,,,,,,,,,,,,,,,,,,,,
9/11/2000,,,31.1,,,,,,,,,,,,,,,,,,,,,
9/11/2000,,,31.1,,,,,,,,,,,,,,,,,,,,,
9/11/2000,,,29.4,,,,,,,,,,,,,,,,,,,,,
9/11/2000,,,28.3,,,,,,,,,,,,,,,,,,,,,
9/11/2000,,,26.7,,,,,,,,,,,,,,,,,,,,,
9/11/2000,,,20,,,,,,,,,,,,,,,,,,,,,
9/11/2000,,,20,,,,,,,,,,,,,,,,,,,,,
9/11/2000,,,21.7,,,,,,,,,,,,,,,,,,,,,
9/11/2000,,,22.8,,,,,,,,,,,,,,,,,,,,,
9/11/2000,,,22.8,,,,,,,,,,,,,,,,,,,,,
9/12/2000,,,20.6,,,,,,,,,,,,,,,,,,,,,
9/12/2000,,,18.3,,,,,,,,,,,,,,,,,,,,,
9/12/2000,,,18.3,,,,,,,,,,,,,,,,,,,,,
9/12/2000,,,18.3,,,,,,,,,,,,,,,,,,,,,
9/12/2000,,,18.3,,,,,,,,,,,,,,,,,,,,,
9/12/2000,,,18.3,,,,,,,,,,,,,,,,,,,,,
9/12/2000,,,18.3,,,,,,,,,,,,,,,,,,,,,
9/12/2000,,,19.4,,,,,,,,,,,,,,,,,,,,,
9/12/2000,,,19.4,,,,,,,,,,,,,,,,,,,,,
9/12/2000,,,20.6,,,,,,,,,,,,,,,,,,,,,
9/12/2000,,,21.7,,,,,,,,,,,,,,,,,,,,,
9/12/2000,,,20.6,,,,,,,,,,,,,,,,,,,,,
9/12/2000,,,20.6,,,,,,,,,,,,,,,,,,,,,
9/12/2000,,,21.1,,,,,,,,,,,,,,,,,,,,,
9/12/2000,,,23.3,,,,,,,,,,,,,,,,,,,,,
9/12/2000,,,23.9,,,,,,,,,,,,,,,,,,,,,
9/12/2000,,,23.9,,,,,,,,,,,,,,,,,,,,,
9/12/2000,,,22.8,,,,,,,,,,,,,,,,,,,,,
9/12/2000,,,20,,,,,,,,,,,,,,,,,,,,,
9/12/2000,,,17.8,,,,,,,,,,,,,,,,,,,,,
9/12/2000,,,16.1,,,,,,,,,,,,,,,,,,,,,
9/12/2000,,,15,,,,,,,,,,,,,,,,,,,,,
9/12/2000,,,13.3,,,,,,,,,,,,,,,,,,,,,
9/12/2000,,,12.2,,,,,,,,,,,,,,,,,,,,,
9/13/2000,,,11.7,,,,,,,,,,,,,,,,,,,,,
9/13/2000,,,11.7,,,,,,,,,,,,,,,,,,,,,
9/13/2000,,,10.6,,,,,,,,,,,,,,,,,,,,,
9/13/2000,,,10.6,,,,,,,,,,,,,,,,,,,,,
9/13/2000,,,9.4,,,,,,,,,,,,,,,,,,,,,
9/13/2000,,,9.4,,,,,,,,,,,,,,,,,,,,,
9/13/2000,,,9.4,,,,,,,,,,,,,,,,,,,,,
9/13/2000,,,11.7,,,,,,,,,,,,,,,,,,,,,
9/13/2000,,,15,,,,,,,,,,,,,,,,,,,,,
9/13/2000,,,18.3,,,,,,,,,,,,,,,,,,,,,
9/13/2000,,,20.6,,,,,,,,,,,,,,,,,,,,,
9/13/2000,,,21.7,,,,,,,,,,,,,,,,,,,,,
9/13/2000,,,23.3,,,,,,,,,,,,,,,,,,,,,
9/13/2000,,,23.9,,,,,,,,,,,,,,,,,,,,,
9/13/2000,,,25,,,,,,,,,,,,,,,,,,,,,
9/13/2000,,,25,,,,,,,,,,,,,,,,,,,,,
9/13/2000,,,25.6,,,,,,,,,,,,,,,,,,,,,
9/13/2000,,,25,,,,,,,,,,,,,,,,,,,,,
9/13/2000,,,22.2,,,,,,,,,,,,,,,,,,,,,
9/13/2000,,,17.8,,,,,,,,,,,,,,,,,,,,,
9/13/2000,,,16.7,,,,,,,,,,,,,,,,,,,,,
9/13/2000,,,15.6,,,,,,,,,,,,,,,,,,,,,
9/13/2000,,,14.4,,,,,,,,,,,,,,,,,,,,,
9/13/2000,,,14.4,,,,,,,,,,,,,,,,,,,,,
9/14/2000,,,14.4,,,,,,,,,,,,,,,,,,,,,
9/14/2000,,,13.3,,,,,,,,,,,,,,,,,,,,,
9/14/2000,,,14.4,,,,,,,,,,,,,,,,,,,,,
9/14/2000,,,13.3,,,,,,,,,,,,,,,,,,,,,
9/14/2000,,,13.3,,,,,,,,,,,,,,,,,,,,,
9/14/2000,,,13.3,,,,,,,,,,,,,,,,,,,,,
9/14/2000,,,15,,,,,,,,,,,,,,,,,,,,,
9/14/2000,,,14.4,,,,,,,,,,,,,,,,,,,,,
9/14/2000,,,15,,,,,,,,,,,,,,,,,,,,,
9/14/2000,,,14.4,,,,,,,,,,,,,,,,,,,,,
9/14/2000,,,17.8,,,,,,,,,,,,,,,,,,,,,
9/14/2000,,,20.6,,,,,,,,,,,,,,,,,,,,,
9/14/2000,,,19,,,,,,,,,,,,,,,,,,,,,
9/14/2000,,,18.3,,,,,,,,,,,,,,,,,,,,,
9/14/2000,,,17.8,,,,,,,,,,,,,,,,,,,,,
9/14/2000,,,17.8,,,,,,,,,,,,,,,,,,,,,
9/14/2000,,,18.9,,,,,,,,,,,,,,,,,,,,,
9/14/2000,,,19.4,,,,,,,,,,,,,,,,,,,,,
9/14/2000,,,17.8,,,,,,,,,,,,,,,,,,,,,
9/14/2000,,,13.3,,,,,,,,,,,,,,,,,,,,,
9/14/2000,,,13.3,,,,,,,,,,,,,,,,,,,,,
9/14/2000,,,12.2,,,,,,,,,,,,,,,,,,,,,
9/14/2000,,,13.9,,,,,,,,,,,,,,,,,,,,,
9/14/2000,,,11.7,,,,,,,,,,,,,,,,,,,,,
9/15/2000,,,10.6,,,,,,,,,,,,,,,,,,,,,
9/15/2000,,,10,,,,,,,,,,,,,,,,,,,,,
9/15/2000,,,10.6,,,,,,,,,,,,,,,,,,,,,
9/15/2000,,,10.6,,,,,,,,,,,,,,,,,,,,,
9/15/2000,,,10,,,,,,,,,,,,,,,,,,,,,
9/15/2000,,,10.6,,,,,,,,,,,,,,,,,,,,,
9/15/2000,,,10.6,,,,,,,,,,,,,,,,,,,,,
9/15/2000,,,12.8,,,,,,,,,,,,,,,,,,,,,
9/15/2000,,,14.4,,,,,,,,,,,,,,,,,,,,,
9/15/2000,,,16.7,,,,,,,,,,,,,,,,,,,,,
9/15/2000,,,17.2,,,,,,,,,,,,,,,,,,,,,
9/15/2000,,,17.2,,,,,,,,,,,,,,,,,,,,,
9/15/2000,,,18.9,,,,,,,,,,,,,,,,,,,,,
9/15/2000,,,18.9,,,,,,,,,,,,,,,,,,,,,
9/15/2000,,,18.3,,,,,,,,,,,,,,,,,,,,,
9/15/2000,,,18.3,,,,,,,,,,,,,,,,,,,,,
9/15/2000,,,17.2,,,,,,,,,,,,,,,,,,,,,
9/15/2000,,,16.1,,,,,,,,,,,,,,,,,,,,,
9/15/2000,,,13.9,,,,,,,,,,,,,,,,,,,,,
9/15/2000,,,12.2,,,,,,,,,,,,,,,,,,,,,
9/15/2000,,,11.1,,,,,,,,,,,,,,,,,,,,,
9/15/2000,,,10.6,,,,,,,,,,,,,,,,,,,,,
9/15/2000,,,9.4,,,,,,,,,,,,,,,,,,,,,
9/15/2000,,,8.3,,,,,,,,,,,,,,,,,,,,,
9/16/2000,,,7.8,,,,,,,,,,,,,,,,,,,,,
9/16/2000,,,7.8,,,,,,,,,,,,,,,,,,,,,
9/16/2000,,,8.3,,,,,,,,,,,,,,,,,,,,,
9/16/2000,,,8.3,,,,,,,,,,,,,,,,,,,,,
9/16/2000,,,7.2,,,,,,,,,,,,,,,,,,,,,
9/16/2000,,,9.4,,,,,,,,,,,,,,,,,,,,,
9/16/2000,,,9.4,,,,,,,,,,,,,,,,,,,,,
9/16/2000,,,11.1,,,,,,,,,,,,,,,,,,,,,
9/16/2000,,,12.8,,,,,,,,,,,,,,,,,,,,,
9/16/2000,,,13.9,,,,,,,,,,,,,,,,,,,,,
9/16/2000,,,15.6,,,,,,,,,,,,,,,,,,,,,
9/16/2000,,,16.1,,,,,,,,,,,,,,,,,,,,,
9/16/2000,,,17.8,,,,,,,,,,,,,,,,,,,,,
9/16/2000,,,18.3,,,,,,,,,,,,,,,,,,,,,
9/16/2000,,,19.4,,,,,,,,,,,,,,,,,,,,,
9/16/2000,,,20.6,,,,,,,,,,,,,,,,,,,,,
9/16/2000,,,20,,,,,,,,,,,,,,,,,,,,,
9/16/2000,,,20,,,,,,,,,,,,,,,,,,,,,
9/16/2000,,,17.2,,,,,,,,,,,,,,,,,,,,,
9/16/2000,,,13.9,,,,,,,,,,,,,,,,,,,,,
9/16/2000,,,12.8,,,,,,,,,,,,,,,,,,,,,
9/16/2000,,,11.1,,,,,,,,,,,,,,,,,,,,,
9/16/2000,,,11.1,,,,,,,,,,,,,,,,,,,,,
9/16/2000,,,11.1,,,,,,,,,,,,,,,,,,,,,
9/17/2000,,,10.6,,,,,,,,,,,,,,,,,,,,,
9/17/2000,,,10,,,,,,,,,,,,,,,,,,,,,
9/17/2000,,,9.4,,,,,,,,,,,,,,,,,,,,,
9/17/2000,,,9.4,,,,,,,,,,,,,,,,,,,,,
9/17/2000,,,8.9,,,,,,,,,,,,,,,,,,,,,
9/17/2000,,,8.3,,,,,,,,,,,,,,,,,,,,,
9/17/2000,,,9.4,,,,,,,,,,,,,,,,,,,,,
9/17/2000,,,12.2,,,,,,,,,,,,,,,,,,,,,
9/17/2000,,,15.6,,,,,,,,,,,,,,,,,,,,,
9/17/2000,,,18.9,,,,,,,,,,,,,,,,,,,,,
9/17/2000,,,21.1,,,,,,,,,,,,,,,,,,,,,
9/17/2000,,,23.3,,,,,,,,,,,,,,,,,,,,,
9/17/2000,,,23.9,,,,,,,,,,,,,,,,,,,,,
9/17/2000,,,25,,,,,,,,,,,,,,,,,,,,,
9/17/2000,,,25.6,,,,,,,,,,,,,,,,,,,,,
9/17/2000,,,26.7,,,,,,,,,,,,,,,,,,,,,
9/17/2000,,,26.7,,,,,,,,,,,,,,,,,,,,,
9/17/2000,,,25.6,,,,,,,,,,,,,,,,,,,,,
9/17/2000,,,22.8,,,,,,,,,,,,,,,,,,,,,
9/17/2000,,,20,,,,,,,,,,,,,,,,,,,,,
9/17/2000,,,18.3,,,,,,,,,,,,,,,,,,,,,
9/17/2000,,,16.1,,,,,,,,,,,,,,,,,,,,,
9/17/2000,,,15.6,,,,,,,,,,,,,,,,,,,,,
9/17/2000,,,13.3,,,,,,,,,,,,,,,,,,,,,
9/18/2000,,,12.8,,,,,,,,,,,,,,,,,,,,,
9/18/2000,,,12.2,,,,,,,,,,,,,,,,,,,,,
9/18/2000,,,11.7,,,,,,,,,,,,,,,,,,,,,
9/18/2000,,,10.6,,,,,,,,,,,,,,,,,,,,,
9/18/2000,,,11.1,,,,,,,,,,,,,,,,,,,,,
9/18/2000,,,10.6,,,,,,,,,,,,,,,,,,,,,
9/18/2000,,,10,,,,,,,,,,,,,,,,,,,,,
9/18/2000,,,12.8,,,,,,,,,,,,,,,,,,,,,
9/18/2000,,,16.1,,,,,,,,,,,,,,,,,,,,,
9/18/2000,,,20,,,,,,,,,,,,,,,,,,,,,
9/18/2000,,,23.9,,,,,,,,,,,,,,,,,,,,,
9/18/2000,,,27.2,,,,,,,,,,,,,,,,,,,,,
9/18/2000,,,28.3,,,,,,,,,,,,,,,,,,,,,
9/18/2000,,,29.4,,,,,,,,,,,,,,,,,,,,,
9/18/2000,,,30,,,,,,,,,,,,,,,,,,,,,
9/18/2000,,,30,,,,,,,,,,,,,,,,,,,,,
9/18/2000,,,29.4,,,,,,,,,,,,,,,,,,,,,
9/18/2000,,,27.8,,,,,,,,,,,,,,,,,,,,,
9/18/2000,,,25.6,,,,,,,,,,,,,,,,,,,,,
9/18/2000,,,23.3,,,,,,,,,,,,,,,,,,,,,
9/18/2000,,,21.7,,,,,,,,,,,,,,,,,,,,,
9/18/2000,,,21.1,,,,,,,,,,,,,,,,,,,,,
9/18/2000,,,20,,,,,,,,,,,,,,,,,,,,,
9/18/2000,,,18.3,,,,,,,,,,,,,,,,,,,,,
9/19/2000,,,17.8,,,,,,,,,,,,,,,,,,,,,
9/19/2000,,,16.7,,,,,,,,,,,,,,,,,,,,,
9/19/2000,,,16.1,,,,,,,,,,,,,,,,,,,,,
9/19/2000,,,16.1,,,,,,,,,,,,,,,,,,,,,
9/19/2000,,,16.1,,,,,,,,,,,,,,,,,,,,,
9/19/2000,,,15.6,,,,,,,,,,,,,,,,,,,,,
9/19/2000,,,15.6,,,,,,,,,,,,,,,,,,,,,
9/19/2000,,,16.7,,,,,,,,,,,,,,,,,,,,,
9/19/2000,,,21.1,,,,,,,,,,,,,,,,,,,,,
9/19/2000,,,24.4,,,,,,,,,,,,,,,,,,,,,
9/19/2000,,,26.1,,,,,,,,,,,,,,,,,,,,,
9/19/2000,,,27.8,,,,,,,,,,,,,,,,,,,,,
9/19/2000,,,29.4,,,,,,,,,,,,,,,,,,,,,
9/19/2000,,,30,,,,,,,,,,,,,,,,,,,,,
9/19/2000,,,30.6,,,,,,,,,,,,,,,,,,,,,
9/19/2000,,,30,,,,,,,,,,,,,,,,,,,,,
9/19/2000,,,30,,,,,,,,,,,,,,,,,,,,,
9/19/2000,,,28.9,,,,,,,,,,,,,,,,,,,,,
9/19/2000,,,26.7,,,,,,,,,,,,,,,,,,,,,
9/19/2000,,,24.4,,,,,,,,,,,,,,,,,,,,,
9/19/2000,,,22.8,,,,,,,,,,,,,,,,,,,,,
9/19/2000,,,22.2,,,,,,,,,,,,,,,,,,,,,
9/19/2000,,,22.2,,,,,,,,,,,,,,,,,,,,,
9/19/2000,,,23.3,,,,,,,,,,,,,,,,,,,,,
9/20/2000,,,22.8,,,,,,,,,,,,,,,,,,,,,
9/20/2000,,,22.2,,,,,,,,,,,,,,,,,,,,,
9/20/2000,,,21.7,,,,,,,,,,,,,,,,,,,,,
9/20/2000,,,21.1,,,,,,,,,,,,,,,,,,,,,
9/20/2000,,,20.6,,,,,,,,,,,,,,,,,,,,,
9/20/2000,,,20,,,,,,,,,,,,,,,,,,,,,
9/20/2000,,,19.4,,,,,,,,,,,,,,,,,,,,,
9/20/2000,,,20,,,,,,,,,,,,,,,,,,,,,
9/20/2000,,,21.1,,,,,,,,,,,,,,,,,,,,,
9/20/2000,,,23.3,,,,,,,,,,,,,,,,,,,,,
9/20/2000,,,25,,,,,,,,,,,,,,,,,,,,,
9/20/2000,,,26.7,,,,,,,,,,,,,,,,,,,,,
9/20/2000,,,26.1,,,,,,,,,,,,,,,,,,,,,
9/20/2000,,,25.6,,,,,,,,,,,,,,,,,,,,,
9/20/2000,,,17.8,,,,,,,,,,,,,,,,,,,,,
9/20/2000,,,14.4,,,,,,,,,,,,,,,,,,,,,
9/20/2000,,,12.8,,,,,,,,,,,,,,,,,,,,,
9/20/2000,,,12.2,,,,,,,,,,,,,,,,,,,,,
9/20/2000,,,11.1,,,,,,,,,,,,,,,,,,,,,
9/20/2000,,,11.7,,,,,,,,,,,,,,,,,,,,,
9/20/2000,,,11.1,,,,,,,,,,,,,,,,,,,,,
9/20/2000,,,11.7,,,,,,,,,,,,,,,,,,,,,
9/20/2000,,,11.7,,,,,,,,,,,,,,,,,,,,,
9/20/2000,,,11.7,,,,,,,,,,,,,,,,,,,,,
9/21/2000,,,12.2,,,,,,,,,,,,,,,,,,,,,
9/21/2000,,,11.1,,,,,,,,,,,,,,,,,,,,,
9/21/2000,,,11.7,,,,,,,,,,,,,,,,,,,,,
9/21/2000,,,9.4,,,,,,,,,,,,,,,,,,,,,
9/21/2000,,,8.3,,,,,,,,,,,,,,,,,,,,,
9/21/2000,,,7.2,,,,,,,,,,,,,,,,,,,,,
9/21/2000,,,7.2,,,,,,,,,,,,,,,,,,,,,
9/21/2000,,,8.9,,,,,,,,,,,,,,,,,,,,,
9/21/2000,,,10.6,,,,,,,,,,,,,,,,,,,,,
9/21/2000,,,12.8,,,,,,,,,,,,,,,,,,,,,
9/21/2000,,,14.4,,,,,,,,,,,,,,,,,,,,,
9/21/2000,,,16.1,,,,,,,,,,,,,,,,,,,,,
9/21/2000,,,17.2,,,,,,,,,,,,,,,,,,,,,
9/21/2000,,,17.8,,,,,,,,,,,,,,,,,,,,,
9/21/2000,,,18.3,,,,,,,,,,,,,,,,,,,,,
9/21/2000,,,18.9,,,,,,,,,,,,,,,,,,,,,
9/21/2000,,,19.4,,,,,,,,,,,,,,,,,,,,,
9/21/2000,,,18.3,,,,,,,,,,,,,,,,,,,,,
9/21/2000,,,13.9,,,,,,,,,,,,,,,,,,,,,
9/21/2000,,,11.7,,,,,,,,,,,,,,,,,,,,,
9/21/2000,,,10.6,,,,,,,,,,,,,,,,,,,,,
9/21/2000,,,11.1,,,,,,,,,,,,,,,,,,,,,
9/21/2000,,,10.6,,,,,,,,,,,,,,,,,,,,,
9/21/2000,,,8.9,,,,,,,,,,,,,,,,,,,,,
9/22/2000,,,9.4,,,,,,,,,,,,,,,,,,,,,
9/22/2000,,,8.3,,,,,,,,,,,,,,,,,,,,,
9/22/2000,,,8.3,,,,,,,,,,,,,,,,,,,,,
9/22/2000,,,7.8,,,,,,,,,,,,,,,,,,,,,
9/22/2000,,,8.3,,,,,,,,,,,,,,,,,,,,,
9/22/2000,,,7.8,,,,,,,,,,,,,,,,,,,,,
9/22/2000,,,8.9,,,,,,,,,,,,,,,,,,,,,
9/22/2000,,,10.6,,,,,,,,,,,,,,,,,,,,,
9/22/2000,,,11.1,,,,,,,,,,,,,,,,,,,,,
9/22/2000,,,12.2,,,,,,,,,,,,,,,,,,,,,
9/22/2000,,,12.8,,,,,,,,,,,,,,,,,,,,,
9/22/2000,,,15,,,,,,,,,,,,,,,,,,,,,
9/22/2000,,,18.3,,,,,,,,,,,,,,,,,,,,,
9/22/2000,,,22.8,,,,,,,,,,,,,,,,,,,,,
9/22/2000,,,25.6,,,,,,,,,,,,,,,,,,,,,
9/22/2000,,,26.1,,,,,,,,,,,,,,,,,,,,,
9/22/2000,,,27.2,,,,,,,,,,,,,,,,,,,,,
9/22/2000,,,26.1,,,,,,,,,,,,,,,,,,,,,
9/22/2000,,,24.4,,,,,,,,,,,,,,,,,,,,,
9/22/2000,,,23.3,,,,,,,,,,,,,,,,,,,,,
9/22/2000,,,22.8,,,,,,,,,,,,,,,,,,,,,
9/22/2000,,,22.2,,,,,,,,,,,,,,,,,,,,,
9/22/2000,,,22.2,,,,,,,,,,,,,,,,,,,,,
9/22/2000,,,22.2,,,,,,,,,,,,,,,,,,,,,
9/23/2000,,,22.8,,,,,,,,,,,,,,,,,,,,,
9/23/2000,,,22.8,,,,,,,,,,,,,,,,,,,,,
9/23/2000,,,22.8,,,,,,,,,,,,,,,,,,,,,
9/23/2000,,,22.2,,,,,,,,,,,,,,,,,,,,,
9/23/2000,,,22.2,,,,,,,,,,,,,,,,,,,,,
9/23/2000,,,21.7,,,,,,,,,,,,,,,,,,,,,
9/23/2000,,,21.7,,,,,,,,,,,,,,,,,,,,,
9/23/2000,,,22.2,,,,,,,,,,,,,,,,,,,,,
9/23/2000,,,23.3,,,,,,,,,,,,,,,,,,,,,
9/23/2000,,,23.9,,,,,,,,,,,,,,,,,,,,,
9/23/2000,,,23.9,,,,,,,,,,,,,,,,,,,,,
9/23/2000,,,25,,,,,,,,,,,,,,,,,,,,,
9/23/2000,,,27.2,,,,,,,,,,,,,,,,,,,,,
9/23/2000,,,26.7,,,,,,,,,,,,,,,,,,,,,
9/23/2000,,,27.2,,,,,,,,,,,,,,,,,,,,,
9/23/2000,,,24.4,,,,,,,,,,,,,,,,,,,,,
9/23/2000,,,21.7,,,,,,,,,,,,,,,,,,,,,
9/23/2000,,,18,,,,,,,,,,,,,,,,,,,,,
9/23/2000,,,17.2,,,,,,,,,,,,,,,,,,,,,
9/23/2000,,,16.7,,,,,,,,,,,,,,,,,,,,,
9/23/2000,,,16.7,,,,,,,,,,,,,,,,,,,,,
9/23/2000,,,16.7,,,,,,,,,,,,,,,,,,,,,
9/23/2000,,,16.7,,,,,,,,,,,,,,,,,,,,,
9/23/2000,,,15.6,,,,,,,,,,,,,,,,,,,,,
9/24/2000,,,15.6,,,,,,,,,,,,,,,,,,,,,
9/24/2000,,,15,,,,,,,,,,,,,,,,,,,,,
9/24/2000,,,14,,,,,,,,,,,,,,,,,,,,,
9/24/2000,,,13.9,,,,,,,,,,,,,,,,,,,,,
9/24/2000,,,13.9,,,,,,,,,,,,,,,,,,,,,
9/24/2000,,,13.3,,,,,,,,,,,,,,,,,,,,,
9/24/2000,,,13.3,,,,,,,,,,,,,,,,,,,,,
9/24/2000,,,13.3,,,,,,,,,,,,,,,,,,,,,
9/24/2000,,,12.8,,,,,,,,,,,,,,,,,,,,,
9/24/2000,,,13.3,,,,,,,,,,,,,,,,,,,,,
9/24/2000,,,13.9,,,,,,,,,,,,,,,,,,,,,
9/24/2000,,,13.9,,,,,,,,,,,,,,,,,,,,,
9/24/2000,,,14.4,,,,,,,,,,,,,,,,,,,,,
9/24/2000,,,15,,,,,,,,,,,,,,,,,,,,,
9/24/2000,,,17.2,,,,,,,,,,,,,,,,,,,,,
9/24/2000,,,16.7,,,,,,,,,,,,,,,,,,,,,
9/24/2000,,,16.7,,,,,,,,,,,,,,,,,,,,,
9/24/2000,,,16.1,,,,,,,,,,,,,,,,,,,,,
9/24/2000,,,14.4,,,,,,,,,,,,,,,,,,,,,
9/24/2000,,,13.3,,,,,,,,,,,,,,,,,,,,,
9/24/2000,,,12.2,,,,,,,,,,,,,,,,,,,,,
9/24/2000,,,11.7,,,,,,,,,,,,,,,,,,,,,
9/24/2000,,,11.1,,,,,,,,,,,,,,,,,,,,,
9/24/2000,,,10.6,,,,,,,,,,,,,,,,,,,,,
9/25/2000,,,10,,,,,,,,,,,,,,,,,,,,,
9/25/2000,,,10,,,,,,,,,,,,,,,,,,,,,
9/25/2000,,,10,,,,,,,,,,,,,,,,,,,,,
9/25/2000,,,10,,,,,,,,,,,,,,,,,,,,,
9/25/2000,,,10,,,,,,,,,,,,,,,,,,,,,
9/25/2000,,,8.9,,,,,,,,,,,,,,,,,,,,,
9/25/2000,,,8.9,,,,,,,,,,,,,,,,,,,,,
9/25/2000,,,8.9,,,,,,,,,,,,,,,,,,,,,
9/25/2000,,,8.9,,,,,,,,,,,,,,,,,,,,,
9/25/2000,,,8.9,,,,,,,,,,,,,,,,,,,,,
9/25/2000,,,8.3,,,,,,,,,,,,,,,,,,,,,
9/25/2000,,,8.9,,,,,,,,,,,,,,,,,,,,,
9/25/2000,,,8.3,,,,,,,,,,,,,,,,,,,,,
9/25/2000,,,8.9,,,,,,,,,,,,,,,,,,,,,
9/25/2000,,,8.9,,,,,,,,,,,,,,,,,,,,,
9/25/2000,,,9.4,,,,,,,,,,,,,,,,,,,,,
9/25/2000,,,9.4,,,,,,,,,,,,,,,,,,,,,
9/25/2000,,,9,,,,,,,,,,,,,,,,,,,,,
9/25/2000,,,9.4,,,,,,,,,,,,,,,,,,,,,
9/25/2000,,,8.9,,,,,,,,,,,,,,,,,,,,,
9/25/2000,,,8.3,,,,,,,,,,,,,,,,,,,,,
9/25/2000,,,8.3,,,,,,,,,,,,,,,,,,,,,
9/25/2000,,,7.8,,,,,,,,,,,,,,,,,,,,,
9/25/2000,,,6.7,,,,,,,,,,,,,,,,,,,,,
9/26/2000,,,5.6,,,,,,,,,,,,,,,,,,,,,
9/26/2000,,,5,,,,,,,,,,,,,,,,,,,,,
9/26/2000,,,4.4,,,,,,,,,,,,,,,,,,,,,
9/26/2000,,,3.9,,,,,,,,,,,,,,,,,,,,,
9/26/2000,,,3.3,,,,,,,,,,,,,,,,,,,,,
9/26/2000,,,2.8,,,,,,,,,,,,,,,,,,,,,
9/26/2000,,,2.8,,,,,,,,,,,,,,,,,,,,,
9/26/2000,,,4.4,,,,,,,,,,,,,,,,,,,,,
9/26/2000,,,7.8,,,,,,,,,,,,,,,,,,,,,
9/26/2000,,,11.7,,,,,,,,,,,,,,,,,,,,,
9/26/2000,,,13.9,,,,,,,,,,,,,,,,,,,,,
9/26/2000,,,15,,,,,,,,,,,,,,,,,,,,,
9/26/2000,,,16.7,,,,,,,,,,,,,,,,,,,,,
9/26/2000,,,17.2,,,,,,,,,,,,,,,,,,,,,
9/26/2000,,,18.3,,,,,,,,,,,,,,,,,,,,,
9/26/2000,,,18.9,,,,,,,,,,,,,,,,,,,,,
9/26/2000,,,18.3,,,,,,,,,,,,,,,,,,,,,
9/26/2000,,,17.2,,,,,,,,,,,,,,,,,,,,,
9/26/2000,,,15,,,,,,,,,,,,,,,,,,,,,
9/26/2000,,,11.1,,,,,,,,,,,,,,,,,,,,,
9/26/2000,,,11.7,,,,,,,,,,,,,,,,,,,,,
9/26/2000,,,10.6,,,,,,,,,,,,,,,,,,,,,
9/26/2000,,,9.4,,,,,,,,,,,,,,,,,,,,,
9/26/2000,,,8.9,,,,,,,,,,,,,,,,,,,,,
9/27/2000,,,8.3,,,,,,,,,,,,,,,,,,,,,
9/27/2000,,,7.2,,,,,,,,,,,,,,,,,,,,,
9/27/2000,,,7.2,,,,,,,,,,,,,,,,,,,,,
9/27/2000,,,7.2,,,,,,,,,,,,,,,,,,,,,
9/27/2000,,,6.7,,,,,,,,,,,,,,,,,,,,,
9/27/2000,,,6.7,,,,,,,,,,,,,,,,,,,,,
9/27/2000,,,7.2,,,,,,,,,,,,,,,,,,,,,
9/27/2000,,,9.4,,,,,,,,,,,,,,,,,,,,,
9/27/2000,,,12.8,,,,,,,,,,,,,,,,,,,,,
9/27/2000,,,16.1,,,,,,,,,,,,,,,,,,,,,
9/27/2000,,,18.9,,,,,,,,,,,,,,,,,,,,,
9/27/2000,,,20.6,,,,,,,,,,,,,,,,,,,,,
9/27/2000,,,21.7,,,,,,,,,,,,,,,,,,,,,
9/27/2000,,,22.8,,,,,,,,,,,,,,,,,,,,,
9/27/2000,,,23.3,,,,,,,,,,,,,,,,,,,,,
9/27/2000,,,23.3,,,,,,,,,,,,,,,,,,,,,
9/27/2000,,,23.3,,,,,,,,,,,,,,,,,,,,,
9/27/2000,,,22.2,,,,,,,,,,,,,,,,,,,,,
9/27/2000,,,18.9,,,,,,,,,,,,,,,,,,,,,
9/27/2000,,,16.1,,,,,,,,,,,,,,,,,,,,,
9/27/2000,,,14.4,,,,,,,,,,,,,,,,,,,,,
9/27/2000,,,13.3,,,,,,,,,,,,,,,,,,,,,
9/27/2000,,,12.2,,,,,,,,,,,,,,,,,,,,,
9/27/2000,,,11.1,,,,,,,,,,,,,,,,,,,,,
9/28/2000,,,10.6,,,,,,,,,,,,,,,,,,,,,
9/28/2000,,,7.8,,,,,,,,,,,,,,,,,,,,,
9/28/2000,,,8.3,,,,,,,,,,,,,,,,,,,,,
9/28/2000,,,8.3,,,,,,,,,,,,,,,,,,,,,
9/28/2000,,,7.2,,,,,,,,,,,,,,,,,,,,,
9/28/2000,,,6.7,,,,,,,,,,,,,,,,,,,,,
9/28/2000,,,6.1,,,,,,,,,,,,,,,,,,,,,
9/28/2000,,,7.8,,,,,,,,,,,,,,,,,,,,,
9/28/2000,,,10,,,,,,,,,,,,,,,,,,,,,
9/28/2000,,,12.2,,,,,,,,,,,,,,,,,,,,,
9/28/2000,,,14.4,,,,,,,,,,,,,,,,,,,,,
9/28/2000,,,16.7,,,,,,,,,,,,,,,,,,,,,
9/28/2000,,,17.2,,,,,,,,,,,,,,,,,,,,,
9/28/2000,,,18.3,,,,,,,,,,,,,,,,,,,,,
9/28/2000,,,19.4,,,,,,,,,,,,,,,,,,,,,
9/28/2000,,,19.4,,,,,,,,,,,,,,,,,,,,,
9/28/2000,,,18.9,,,,,,,,,,,,,,,,,,,,,
9/28/2000,,,17.8,,,,,,,,,,,,,,,,,,,,,
9/28/2000,,,15.6,,,,,,,,,,,,,,,,,,,,,
9/28/2000,,,11.7,,,,,,,,,,,,,,,,,,,,,
9/28/2000,,,11.1,,,,,,,,,,,,,,,,,,,,,
9/28/2000,,,10.6,,,,,,,,,,,,,,,,,,,,,
9/28/2000,,,11.1,,,,,,,,,,,,,,,,,,,,,
9/28/2000,,,10,,,,,,,,,,,,,,,,,,,,,
9/29/2000,,,10.6,,,,,,,,,,,,,,,,,,,,,
9/29/2000,,,7.8,,,,,,,,,,,,,,,,,,,,,
9/29/2000,,,8.9,,,,,,,,,,,,,,,,,,,,,
9/29/2000,,,8.3,,,,,,,,,,,,,,,,,,,,,
9/29/2000,,,7.8,,,,,,,,,,,,,,,,,,,,,
9/29/2000,,,6.1,,,,,,,,,,,,,,,,,,,,,
9/29/2000,,,6.1,,,,,,,,,,,,,,,,,,,,,
9/29/2000,,,8.9,,,,,,,,,,,,,,,,,,,,,
9/29/2000,,,11.7,,,,,,,,,,,,,,,,,,,,,
9/29/2000,,,15,,,,,,,,,,,,,,,,,,,,,
9/29/2000,,,18.9,,,,,,,,,,,,,,,,,,,,,
9/29/2000,,,20.6,,,,,,,,,,,,,,,,,,,,,
9/29/2000,,,21.7,,,,,,,,,,,,,,,,,,,,,
9/29/2000,,,22.2,,,,,,,,,,,,,,,,,,,,,
9/29/2000,,,22.8,,,,,,,,,,,,,,,,,,,,,
9/29/2000,,,22.8,,,,,,,,,,,,,,,,,,,,,
9/29/2000,,,22.2,,,,,,,,,,,,,,,,,,,,,
9/29/2000,,,20.6,,,,,,,,,,,,,,,,,,,,,
9/29/2000,,,17.8,,,,,,,,,,,,,,,,,,,,,
9/29/2000,,,13.3,,,,,,,,,,,,,,,,,,,,,
9/29/2000,,,13.9,,,,,,,,,,,,,,,,,,,,,
9/29/2000,,,13.3,,,,,,,,,,,,,,,,,,,,,
9/29/2000,,,11.1,,,,,,,,,,,,,,,,,,,,,
9/29/2000,,,11.7,,,,,,,,,,,,,,,,,,,,,
9/30/2000,,,11.1,,,,,,,,,,,,,,,,,,,,,
9/30/2000,,,10.6,,,,,,,,,,,,,,,,,,,,,
9/30/2000,,,10,,,,,,,,,,,,,,,,,,,,,
9/30/2000,,,9.4,,,,,,,,,,,,,,,,,,,,,
9/30/2000,,,8.3,,,,,,,,,,,,,,,,,,,,,
9/30/2000,,,8.9,,,,,,,,,,,,,,,,,,,,,
9/30/2000,,,8.3,,,,,,,,,,,,,,,,,,,,,
9/30/2000,,,11.1,,,,,,,,,,,,,,,,,,,,,
9/30/2000,,,15,,,,,,,,,,,,,,,,,,,,,
9/30/2000,,,19.4,,,,,,,,,,,,,,,,,,,,,
9/30/2000,,,21.7,,,,,,,,,,,,,,,,,,,,,
9/30/2000,,,22.8,,,,,,,,,,,,,,,,,,,,,
9/30/2000,,,24.4,,,,,,,,,,,,,,,,,,,,,
9/30/2000,,,23.3,,,,,,,,,,,,,,,,,,,,,
9/30/2000,,,23.9,,,,,,,,,,,,,,,,,,,,,
9/30/2000,,,23.9,,,,,,,,,,,,,,,,,,,,,
9/30/2000,,,23.3,,,,,,,,,,,,,,,,,,,,,
9/30/2000,,,22.2,,,,,,,,,,,,,,,,,,,,,
9/30/2000,,,20.6,,,,,,,,,,,,,,,,,,,,,
9/30/2000,,,17.2,,,,,,,,,,,,,,,,,,,,,
9/30/2000,,,18.3,,,,,,,,,,,,,,,,,,,,,
9/30/2000,,,16.5,,,,,,,,,,,,,,,,,,,,,
9/30/2000,,,14.8,,,,,,,,,,,,,,,,,,,,,
9/30/2000,,,13,,,,,,,,,,,,,,,,,,,,,
10/1/2001,,,11.3,,,,,,,,,,,,,,,,,,,,,
10/1/2001,,,9.5,,,,,,,,,,,,,,,,,,,,,
10/1/2001,,,7.8,,,,,,,,,,,,,,,,,,,,,
10/1/2001,,,6,,,,,,,,,,,,,,,,,,,,,
10/1/2001,,,6,,,,,,,,,,,,,,,,,,,,,
10/1/2001,,,6,,,,,,,,,,,,,,,,,,,,,
10/1/2001,,,6,,,,,,,,,,,,,,,,,,,,,
10/1/2001,,,7,,,,,,,,,,,,,,,,,,,,,
10/1/2001,,,12,,,,,,,,,,,,,,,,,,,,,
10/1/2001,,,16,,,,,,,,,,,,,,,,,,,,,
10/1/2001,,,19,,,,,,,,,,,,,,,,,,,,,
10/1/2001,,,22,,,,,,,,,,,,,,,,,,,,,
10/1/2001,,,23,,,,,,,,,,,,,,,,,,,,,
10/1/2001,,,24,,,,,,,,,,,,,,,,,,,,,
10/1/2001,,,25,,,,,,,,,,,,,,,,,,,,,
10/1/2001,,,25,,,,,,,,,,,,,,,,,,,,,
10/1/2001,,,23,,,,,,,,,,,,,,,,,,,,,
10/1/2001,,,22,,,,,,,,,,,,,,,,,,,,,
10/1/2001,,,21,,,,,,,,,,,,,,,,,,,,,
10/1/2001,,,17,,,,,,,,,,,,,,,,,,,,,
10/1/2001,,,16,,,,,,,,,,,,,,,,,,,,,
10/1/2001,,,14,,,,,,,,,,,,,,,,,,,,,
10/1/2001,,,14,,,,,,,,,,,,,,,,,,,,,
10/1/2001,,,13,,,,,,,,,,,,,,,,,,,,,
10/2/2001,,,12,,,,,,,,,,,,,,,,,,,,,
10/2/2001,,,13,,,,,,,,,,,,,,,,,,,,,
10/2/2001,,,12,,,,,,,,,,,,,,,,,,,,,
10/2/2001,,,12,,,,,,,,,,,,,,,,,,,,,
10/2/2001,,,10,,,,,,,,,,,,,,,,,,,,,
10/2/2001,,,10,,,,,,,,,,,,,,,,,,,,,
10/2/2001,,,10,,,,,,,,,,,,,,,,,,,,,
10/2/2001,,,12,,,,,,,,,,,,,,,,,,,,,
10/2/2001,,,15,,,,,,,,,,,,,,,,,,,,,
10/2/2001,,,19,,,,,,,,,,,,,,,,,,,,,
10/2/2001,,,23,,,,,,,,,,,,,,,,,,,,,
10/2/2001,,,26,,,,,,,,,,,,,,,,,,,,,
10/2/2001,,,27,,,,,,,,,,,,,,,,,,,,,
10/2/2001,,,28,,,,,,,,,,,,,,,,,,,,,
10/2/2001,,,28,,,,,,,,,,,,,,,,,,,,,
10/2/2001,,,28,,,,,,,,,,,,,,,,,,,,,
10/2/2001,,,27.4,,,,,,,,,,,,,,,,,,,,,
10/2/2001,,,26,,,,,,,,,,,,,,,,,,,,,
10/2/2001,,,23,,,,,,,,,,,,,,,,,,,,,
10/2/2001,,,21,,,,,,,,,,,,,,,,,,,,,
10/2/2001,,,18,,,,,,,,,,,,,,,,,,,,,
10/2/2001,,,17,,,,,,,,,,,,,,,,,,,,,
10/2/2001,,,16,,,,,,,,,,,,,,,,,,,,,
10/2/2001,,,16,,,,,,,,,,,,,,,,,,,,,
10/3/2001,,,15,,,,,,,,,,,,,,,,,,,,,
10/3/2001,,,16,,,,,,,,,,,,,,,,,,,,,
10/3/2001,,,15,,,,,,,,,,,,,,,,,,,,,
10/3/2001,,,14,,,,,,,,,,,,,,,,,,,,,
10/3/2001,,,14,,,,,,,,,,,,,,,,,,,,,
10/3/2001,,,13,,,,,,,,,,,,,,,,,,,,,
10/3/2001,,,13,,,,,,,,,,,,,,,,,,,,,
10/3/2001,,,15,,,,,,,,,,,,,,,,,,,,,
10/3/2001,,,18,,,,,,,,,,,,,,,,,,,,,
10/3/2001,,,22,,,,,,,,,,,,,,,,,,,,,
10/3/2001,,,24,,,,,,,,,,,,,,,,,,,,,
10/3/2001,,,26,,,,,,,,,,,,,,,,,,,,,
10/3/2001,,,27,,,,,,,,,,,,,,,,,,,,,
10/3/2001,,,28,,,,,,,,,,,,,,,,,,,,,
10/3/2001,,,28,,,,,,,,,,,,,,,,,,,,,
10/3/2001,,,28,,,,,,,,,,,,,,,,,,,,,
10/3/2001,,,27,,,,,,,,,,,,,,,,,,,,,
10/3/2001,,,26,,,,,,,,,,,,,,,,,,,,,
10/3/2001,,,23,,,,,,,,,,,,,,,,,,,,,
10/3/2001,,,21,,,,,,,,,,,,,,,,,,,,,
10/3/2001,,,20,,,,,,,,,,,,,,,,,,,,,
10/3/2001,,,20,,,,,,,,,,,,,,,,,,,,,
10/3/2001,,,20,,,,,,,,,,,,,,,,,,,,,
10/3/2001,,,17,,,,,,,,,,,,,,,,,,,,,
10/4/2001,,,17,,,,,,,,,,,,,,,,,,,,,
10/4/2001,,,17,,,,,,,,,,,,,,,,,,,,,
10/4/2001,,,17,,,,,,,,,,,,,,,,,,,,,
10/4/2001,,,14,,,,,,,,,,,,,,,,,,,,,
10/4/2001,,,13,,,,,,,,,,,,,,,,,,,,,
10/4/2001,,,13,,,,,,,,,,,,,,,,,,,,,
10/4/2001,,,13,,,,,,,,,,,,,,,,,,,,,
10/4/2001,,,13,,,,,,,,,,,,,,,,,,,,,
10/4/2001,,,15,,,,,,,,,,,,,,,,,,,,,
10/4/2001,,,17,,,,,,,,,,,,,,,,,,,,,
10/4/2001,,,18,,,,,,,,,,,,,,,,,,,,,
10/4/2001,,,20,,,,,,,,,,,,,,,,,,,,,
10/4/2001,,,21,,,,,,,,,,,,,,,,,,,,,
10/4/2001,,,18,,,,,,,,,,,,,,,,,,,,,
10/4/2001,,,18,,,,,,,,,,,,,,,,,,,,,
10/4/2001,,,18,,,,,,,,,,,,,,,,,,,,,
10/4/2001,,,16,,,,,,,,,,,,,,,,,,,,,
10/4/2001,,,14,,,,,,,,,,,,,,,,,,,,,
10/4/2001,,,14,,,,,,,,,,,,,,,,,,,,,
10/4/2001,,,13,,,,,,,,,,,,,,,,,,,,,
10/4/2001,,,12,,,,,,,,,,,,,,,,,,,,,
10/4/2001,,,12,,,,,,,,,,,,,,,,,,,,,
10/4/2001,,,12,,,,,,,,,,,,,,,,,,,,,
10/4/2001,,,12,,,,,,,,,,,,,,,,,,,,,
10/5/2001,,,12,,,,,,,,,,,,,,,,,,,,,
10/5/2001,,,12,,,,,,,,,,,,,,,,,,,,,
10/5/2001,,,12,,,,,,,,,,,,,,,,,,,,,
10/5/2001,,,11,,,,,,,,,,,,,,,,,,,,,
10/5/2001,,,11,,,,,,,,,,,,,,,,,,,,,
10/5/2001,,,10,,,,,,,,,,,,,,,,,,,,,
10/5/2001,,,10,,,,,,,,,,,,,,,,,,,,,
10/5/2001,,,10,,,,,,,,,,,,,,,,,,,,,
10/5/2001,,,9,,,,,,,,,,,,,,,,,,,,,
10/5/2001,,,9,,,,,,,,,,,,,,,,,,,,,
10/5/2001,,,9,,,,,,,,,,,,,,,,,,,,,
10/5/2001,,,9,,,,,,,,,,,,,,,,,,,,,
10/5/2001,,,9,,,,,,,,,,,,,,,,,,,,,
10/5/2001,,,9,,,,,,,,,,,,,,,,,,,,,
10/5/2001,,,9,,,,,,,,,,,,,,,,,,,,,
10/5/2001,,,9,,,,,,,,,,,,,,,,,,,,,
10/5/2001,,,8,,,,,,,,,,,,,,,,,,,,,
10/5/2001,,,8,,,,,,,,,,,,,,,,,,,,,
10/5/2001,,,7,,,,,,,,,,,,,,,,,,,,,
10/5/2001,,,7,,,,,,,,,,,,,,,,,,,,,
10/5/2001,,,7,,,,,,,,,,,,,,,,,,,,,
10/5/2001,,,7,,,,,,,,,,,,,,,,,,,,,
10/5/2001,,,7,,,,,,,,,,,,,,,,,,,,,
10/5/2001,,,7,,,,,,,,,,,,,,,,,,,,,
10/6/2001,,,5,,,,,,,,,,,,,,,,,,,,,
10/6/2001,,,4,,,,,,,,,,,,,,,,,,,,,
10/6/2001,,,3,,,,,,,,,,,,,,,,,,,,,
10/6/2001,,,3,,,,,,,,,,,,,,,,,,,,,
10/6/2001,,,2,,,,,,,,,,,,,,,,,,,,,
10/6/2001,,,2,,,,,,,,,,,,,,,,,,,,,
10/6/2001,,,2,,,,,,,,,,,,,,,,,,,,,
10/6/2001,,,2,,,,,,,,,,,,,,,,,,,,,
10/6/2001,,,6,,,,,,,,,,,,,,,,,,,,,
10/6/2001,,,8,,,,,,,,,,,,,,,,,,,,,
10/6/2001,,,11,,,,,,,,,,,,,,,,,,,,,
10/6/2001,,,12,,,,,,,,,,,,,,,,,,,,,
10/6/2001,,,11,,,,,,,,,,,,,,,,,,,,,
10/6/2001,,,12,,,,,,,,,,,,,,,,,,,,,
10/6/2001,,,12,,,,,,,,,,,,,,,,,,,,,
10/6/2001,,,13,,,,,,,,,,,,,,,,,,,,,
10/6/2001,,,12,,,,,,,,,,,,,,,,,,,,,
10/6/2001,,,10,,,,,,,,,,,,,,,,,,,,,
10/6/2001,,,7,,,,,,,,,,,,,,,,,,,,,
10/6/2001,,,6,,,,,,,,,,,,,,,,,,,,,
10/6/2001,,,4,,,,,,,,,,,,,,,,,,,,,
10/6/2001,,,2,,,,,,,,,,,,,,,,,,,,,
10/6/2001,,,1,,,,,,,,,,,,,,,,,,,,,
10/6/2001,,,1,,,,,,,,,,,,,,,,,,,,,
10/7/2001,,,0,,,,,,,,,,,,,,,,,,,,,
10/7/2001,,,0,,,,,,,,,,,,,,,,,,,,,
10/7/2001,,,-1,,,,,,,,,,,,,,,,,,,,,
10/7/2001,,,-1,,,,,,,,,,,,,,,,,,,,,
10/7/2001,,,-1,,,,,,,,,,,,,,,,,,,,,
10/7/2001,,,0,,,,,,,,,,,,,,,,,,,,,
10/7/2001,,,1,,,,,,,,,,,,,,,,,,,,,
10/7/2001,,,2,,,,,,,,,,,,,,,,,,,,,
10/7/2001,,,3,,,,,,,,,,,,,,,,,,,,,
10/7/2001,,,7,,,,,,,,,,,,,,,,,,,,,
10/7/2001,,,9,,,,,,,,,,,,,,,,,,,,,
10/7/2001,,,11,,,,,,,,,,,,,,,,,,,,,
10/7/2001,,,12,,,,,,,,,,,,,,,,,,,,,
10/7/2001,,,13,,,,,,,,,,,,,,,,,,,,,
10/7/2001,,,14,,,,,,,,,,,,,,,,,,,,,
10/7/2001,,,14,,,,,,,,,,,,,,,,,,,,,
10/7/2001,,,14,,,,,,,,,,,,,,,,,,,,,
10/7/2001,,,13,,,,,,,,,,,,,,,,,,,,,
10/7/2001,,,10,,,,,,,,,,,,,,,,,,,,,
10/7/2001,,,9,,,,,,,,,,,,,,,,,,,,,
10/7/2001,,,9,,,,,,,,,,,,,,,,,,,,,
10/7/2001,,,7,,,,,,,,,,,,,,,,,,,,,
10/7/2001,,,7,,,,,,,,,,,,,,,,,,,,,
10/7/2001,,,7,,,,,,,,,,,,,,,,,,,,,
10/8/2001,,,7,,,,,,,,,,,,,,,,,,,,,
10/8/2001,,,6,,,,,,,,,,,,,,,,,,,,,
10/8/2001,,,5.3,,,,,,,,,,,,,,,,,,,,,
10/8/2001,,,4.6,,,,,,,,,,,,,,,,,,,,,
10/8/2001,,,4,,,,,,,,,,,,,,,,,,,,,
10/8/2001,,,4,,,,,,,,,,,,,,,,,,,,,
10/8/2001,,,5,,,,,,,,,,,,,,,,,,,,,
10/8/2001,,,6,,,,,,,,,,,,,,,,,,,,,
10/8/2001,,,8,,,,,,,,,,,,,,,,,,,,,
10/8/2001,,,12,,,,,,,,,,,,,,,,,,,,,
10/8/2001,,,16,,,,,,,,,,,,,,,,,,,,,
10/8/2001,,,17,,,,,,,,,,,,,,,,,,,,,
10/8/2001,,,18,,,,,,,,,,,,,,,,,,,,,
10/8/2001,,,19,,,,,,,,,,,,,,,,,,,,,
10/8/2001,,,19,,,,,,,,,,,,,,,,,,,,,
10/8/2001,,,19,,,,,,,,,,,,,,,,,,,,,
10/8/2001,,,18,,,,,,,,,,,,,,,,,,,,,
10/8/2001,,,17,,,,,,,,,,,,,,,,,,,,,
10/8/2001,,,15,,,,,,,,,,,,,,,,,,,,,
10/8/2001,,,14,,,,,,,,,,,,,,,,,,,,,
10/8/2001,,,14,,,,,,,,,,,,,,,,,,,,,
10/8/2001,,,13,,,,,,,,,,,,,,,,,,,,,
10/8/2001,,,13,,,,,,,,,,,,,,,,,,,,,
10/8/2001,,,13,,,,,,,,,,,,,,,,,,,,,
10/9/2001,,,12,,,,,,,,,,,,,,,,,,,,,
10/9/2001,,,12,,,,,,,,,,,,,,,,,,,,,
10/9/2001,,,11,,,,,,,,,,,,,,,,,,,,,
10/9/2001,,,11,,,,,,,,,,,,,,,,,,,,,
10/9/2001,,,11,,,,,,,,,,,,,,,,,,,,,
10/9/2001,,,11,,,,,,,,,,,,,,,,,,,,,
10/9/2001,,,11,,,,,,,,,,,,,,,,,,,,,
10/9/2001,,,11,,,,,,,,,,,,,,,,,,,,,
10/9/2001,,,14,,,,,,,,,,,,,,,,,,,,,
10/9/2001,,,17,,,,,,,,,,,,,,,,,,,,,
10/9/2001,,,19,,,,,,,,,,,,,,,,,,,,,
10/9/2001,,,19,,,,,,,,,,,,,,,,,,,,,
10/9/2001,,,21,,,,,,,,,,,,,,,,,,,,,
10/9/2001,,,21,,,,,,,,,,,,,,,,,,,,,
10/9/2001,,,22,,,,,,,,,,,,,,,,,,,,,
10/9/2001,,,22,,,,,,,,,,,,,,,,,,,,,
10/9/2001,,,21,,,,,,,,,,,,,,,,,,,,,
10/9/2001,,,19,,,,,,,,,,,,,,,,,,,,,
10/9/2001,,,18,,,,,,,,,,,,,,,,,,,,,
10/9/2001,,,17,,,,,,,,,,,,,,,,,,,,,
10/9/2001,,,16,,,,,,,,,,,,,,,,,,,,,
10/9/2001,,,16,,,,,,,,,,,,,,,,,,,,,
10/9/2001,,,14,,,,,,,,,,,,,,,,,,,,,
10/9/2001,,,14,,,,,,,,,,,,,,,,,,,,,
10/10/2001,,,15,,,,,,,,,,,,,,,,,,,,,
10/10/2001,,,16,,,,,,,,,,,,,,,,,,,,,
10/10/2001,,,16,,,,,,,,,,,,,,,,,,,,,
10/10/2001,,,16,,,,,,,,,,,,,,,,,,,,,
10/10/2001,,,16,,,,,,,,,,,,,,,,,,,,,
10/10/2001,,,16,,,,,,,,,,,,,,,,,,,,,
10/10/2001,,,16,,,,,,,,,,,,,,,,,,,,,
10/10/2001,,,16,,,,,,,,,,,,,,,,,,,,,
10/10/2001,,,16,,,,,,,,,,,,,,,,,,,,,
10/10/2001,,,15,,,,,,,,,,,,,,,,,,,,,
10/10/2001,,,16,,,,,,,,,,,,,,,,,,,,,
10/10/2001,,,16,,,,,,,,,,,,,,,,,,,,,
10/10/2001,,,16,,,,,,,,,,,,,,,,,,,,,
10/10/2001,,,16,,,,,,,,,,,,,,,,,,,,,
10/10/2001,,,16,,,,,,,,,,,,,,,,,,,,,
10/10/2001,,,17,,,,,,,,,,,,,,,,,,,,,
10/10/2001,,,18,,,,,,,,,,,,,,,,,,,,,
10/10/2001,,,18,,,,,,,,,,,,,,,,,,,,,
10/10/2001,,,17,,,,,,,,,,,,,,,,,,,,,
10/10/2001,,,17,,,,,,,,,,,,,,,,,,,,,
10/10/2001,,,17,,,,,,,,,,,,,,,,,,,,,
10/10/2001,,,17,,,,,,,,,,,,,,,,,,,,,
10/10/2001,,,17,,,,,,,,,,,,,,,,,,,,,
10/10/2001,,,18,,,,,,,,,,,,,,,,,,,,,
10/11/2001,,,18,,,,,,,,,,,,,,,,,,,,,
10/11/2001,,,18,,,,,,,,,,,,,,,,,,,,,
10/11/2001,,,13,,,,,,,,,,,,,,,,,,,,,
10/11/2001,,,12,,,,,,,,,,,,,,,,,,,,,
10/11/2001,,,12,,,,,,,,,,,,,,,,,,,,,
10/11/2001,,,12,,,,,,,,,,,,,,,,,,,,,
10/11/2001,,,12,,,,,,,,,,,,,,,,,,,,,
10/11/2001,,,12,,,,,,,,,,,,,,,,,,,,,
10/11/2001,,,12,,,,,,,,,,,,,,,,,,,,,
10/11/2001,,,12,,,,,,,,,,,,,,,,,,,,,
10/11/2001,,,13,,,,,,,,,,,,,,,,,,,,,
10/11/2001,,,13,,,,,,,,,,,,,,,,,,,,,
10/11/2001,,,13,,,,,,,,,,,,,,,,,,,,,
10/11/2001,,,13,,,,,,,,,,,,,,,,,,,,,
10/11/2001,,,13,,,,,,,,,,,,,,,,,,,,,
10/11/2001,,,13,,,,,,,,,,,,,,,,,,,,,
10/11/2001,,,13,,,,,,,,,,,,,,,,,,,,,
10/11/2001,,,13,,,,,,,,,,,,,,,,,,,,,
10/11/2001,,,13,,,,,,,,,,,,,,,,,,,,,
10/11/2001,,,14,,,,,,,,,,,,,,,,,,,,,
10/11/2001,,,14,,,,,,,,,,,,,,,,,,,,,
10/11/2001,,,14,,,,,,,,,,,,,,,,,,,,,
10/11/2001,,,14,,,,,,,,,,,,,,,,,,,,,
10/11/2001,,,16,,,,,,,,,,,,,,,,,,,,,
10/12/2001,,,16,,,,,,,,,,,,,,,,,,,,,
10/12/2001,,,17,,,,,,,,,,,,,,,,,,,,,
10/12/2001,,,17,,,,,,,,,,,,,,,,,,,,,
10/12/2001,,,17,,,,,,,,,,,,,,,,,,,,,
10/12/2001,,,15,,,,,,,,,,,,,,,,,,,,,
10/12/2001,,,15,,,,,,,,,,,,,,,,,,,,,
10/12/2001,,,16,,,,,,,,,,,,,,,,,,,,,
10/12/2001,,,16,,,,,,,,,,,,,,,,,,,,,
10/12/2001,,,15,,,,,,,,,,,,,,,,,,,,,
10/12/2001,,,15,,,,,,,,,,,,,,,,,,,,,
10/12/2001,,,15,,,,,,,,,,,,,,,,,,,,,
10/12/2001,,,15,,,,,,,,,,,,,,,,,,,,,
10/12/2001,,,15,,,,,,,,,,,,,,,,,,,,,
10/12/2001,,,15,,,,,,,,,,,,,,,,,,,,,
10/12/2001,,,16,,,,,,,,,,,,,,,,,,,,,
10/12/2001,,,16,,,,,,,,,,,,,,,,,,,,,
10/12/2001,,,16,,,,,,,,,,,,,,,,,,,,,
10/12/2001,,,16,,,,,,,,,,,,,,,,,,,,,
10/12/2001,,,15,,,,,,,,,,,,,,,,,,,,,
10/12/2001,,,14,,,,,,,,,,,,,,,,,,,,,
10/12/2001,,,14,,,,,,,,,,,,,,,,,,,,,
10/12/2001,,,12,,,,,,,,,,,,,,,,,,,,,
10/12/2001,,,11,,,,,,,,,,,,,,,,,,,,,
10/12/2001,,,12,,,,,,,,,,,,,,,,,,,,,
10/13/2001,,,12,,,,,,,,,,,,,,,,,,,,,
10/13/2001,,,12,,,,,,,,,,,,,,,,,,,,,
10/13/2001,,,12,,,,,,,,,,,,,,,,,,,,,
10/13/2001,,,13,,,,,,,,,,,,,,,,,,,,,
10/13/2001,,,14,,,,,,,,,,,,,,,,,,,,,
10/13/2001,,,16,,,,,,,,,,,,,,,,,,,,,
10/13/2001,,,16,,,,,,,,,,,,,,,,,,,,,
10/13/2001,,,17,,,,,,,,,,,,,,,,,,,,,
10/13/2001,,,18,,,,,,,,,,,,,,,,,,,,,
10/13/2001,,,19,,,,,,,,,,,,,,,,,,,,,
10/13/2001,,,18,,,,,,,,,,,,,,,,,,,,,
10/13/2001,,,19,,,,,,,,,,,,,,,,,,,,,
10/13/2001,,,21,,,,,,,,,,,,,,,,,,,,,
10/13/2001,,,21,,,,,,,,,,,,,,,,,,,,,
10/13/2001,,,20,,,,,,,,,,,,,,,,,,,,,
10/13/2001,,,19,,,,,,,,,,,,,,,,,,,,,
10/13/2001,,,20,,,,,,,,,,,,,,,,,,,,,
10/13/2001,,,20,,,,,,,,,,,,,,,,,,,,,
10/13/2001,,,20,,,,,,,,,,,,,,,,,,,,,
10/13/2001,,,20,,,,,,,,,,,,,,,,,,,,,
10/13/2001,,,19,,,,,,,,,,,,,,,,,,,,,
10/13/2001,,,17,,,,,,,,,,,,,,,,,,,,,
10/13/2001,,,15,,,,,,,,,,,,,,,,,,,,,
10/13/2001,,,14,,,,,,,,,,,,,,,,,,,,,
10/14/2001,,,15,,,,,,,,,,,,,,,,,,,,,
10/14/2001,,,15,,,,,,,,,,,,,,,,,,,,,
10/14/2001,,,13,,,,,,,,,,,,,,,,,,,,,
10/14/2001,,,12,,,,,,,,,,,,,,,,,,,,,
10/14/2001,,,13,,,,,,,,,,,,,,,,,,,,,
10/14/2001,,,12,,,,,,,,,,,,,,,,,,,,,
10/14/2001,,,11,,,,,,,,,,,,,,,,,,,,,
10/14/2001,,,11,,,,,,,,,,,,,,,,,,,,,
10/14/2001,,,11,,,,,,,,,,,,,,,,,,,,,
10/14/2001,,,12,,,,,,,,,,,,,,,,,,,,,
10/14/2001,,,12,,,,,,,,,,,,,,,,,,,,,
10/14/2001,,,13,,,,,,,,,,,,,,,,,,,,,
10/14/2001,,,15,,,,,,,,,,,,,,,,,,,,,
10/14/2001,,,16,,,,,,,,,,,,,,,,,,,,,
10/14/2001,,,13,,,,,,,,,,,,,,,,,,,,,
10/14/2001,,,16,,,,,,,,,,,,,,,,,,,,,
10/14/2001,,,16,,,,,,,,,,,,,,,,,,,,,
10/14/2001,,,14,,,,,,,,,,,,,,,,,,,,,
10/14/2001,,,13,,,,,,,,,,,,,,,,,,,,,
10/14/2001,,,10,,,,,,,,,,,,,,,,,,,,,
10/14/2001,,,9,,,,,,,,,,,,,,,,,,,,,
10/14/2001,,,8,,,,,,,,,,,,,,,,,,,,,
10/14/2001,,,8,,,,,,,,,,,,,,,,,,,,,
10/14/2001,,,7,,,,,,,,,,,,,,,,,,,,,
10/15/2001,,,8,,,,,,,,,,,,,,,,,,,,,
10/15/2001,,,7,,,,,,,,,,,,,,,,,,,,,
10/15/2001,,,7,,,,,,,,,,,,,,,,,,,,,
10/15/2001,,,7,,,,,,,,,,,,,,,,,,,,,
10/15/2001,,,6,,,,,,,,,,,,,,,,,,,,,
10/15/2001,,,6,,,,,,,,,,,,,,,,,,,,,
10/15/2001,,,5,,,,,,,,,,,,,,,,,,,,,
10/15/2001,,,6,,,,,,,,,,,,,,,,,,,,,
10/15/2001,,,9,,,,,,,,,,,,,,,,,,,,,
10/15/2001,,,11,,,,,,,,,,,,,,,,,,,,,
10/15/2001,,,13,,,,,,,,,,,,,,,,,,,,,
10/15/2001,,,13,,,,,,,,,,,,,,,,,,,,,
10/15/2001,,,13,,,,,,,,,,,,,,,,,,,,,
10/15/2001,,,13,,,,,,,,,,,,,,,,,,,,,
10/15/2001,,,11,,,,,,,,,,,,,,,,,,,,,
10/15/2001,,,10,,,,,,,,,,,,,,,,,,,,,
10/15/2001,,,9,,,,,,,,,,,,,,,,,,,,,
10/15/2001,,,9,,,,,,,,,,,,,,,,,,,,,
10/15/2001,,,8,,,,,,,,,,,,,,,,,,,,,
10/15/2001,,,7,,,,,,,,,,,,,,,,,,,,,
10/15/2001,,,6,,,,,,,,,,,,,,,,,,,,,
10/15/2001,,,6,,,,,,,,,,,,,,,,,,,,,
10/15/2001,,,6,,,,,,,,,,,,,,,,,,,,,
10/15/2001,,,6,,,,,,,,,,,,,,,,,,,,,
10/16/2001,,,6,,,,,,,,,,,,,,,,,,,,,
10/16/2001,,,6,,,,,,,,,,,,,,,,,,,,,
10/16/2001,,,5,,,,,,,,,,,,,,,,,,,,,
10/16/2001,,,4,,,,,,,,,,,,,,,,,,,,,
10/16/2001,,,4,,,,,,,,,,,,,,,,,,,,,
10/16/2001,,,6,,,,,,,,,,,,,,,,,,,,,
10/16/2001,,,6,,,,,,,,,,,,,,,,,,,,,
10/16/2001,,,6,,,,,,,,,,,,,,,,,,,,,
10/16/2001,,,7,,,,,,,,,,,,,,,,,,,,,
10/16/2001,,,7,,,,,,,,,,,,,,,,,,,,,
10/16/2001,,,7,,,,,,,,,,,,,,,,,,,,,
10/16/2001,,,8,,,,,,,,,,,,,,,,,,,,,
10/16/2001,,,9,,,,,,,,,,,,,,,,,,,,,
10/16/2001,,,11,,,,,,,,,,,,,,,,,,,,,
10/16/2001,,,11,,,,,,,,,,,,,,,,,,,,,
10/16/2001,,,10,,,,,,,,,,,,,,,,,,,,,
10/16/2001,,,9,,,,,,,,,,,,,,,,,,,,,
10/16/2001,,,9,,,,,,,,,,,,,,,,,,,,,
10/16/2001,,,8,,,,,,,,,,,,,,,,,,,,,
10/16/2001,,,7,,,,,,,,,,,,,,,,,,,,,
10/16/2001,,,6,,,,,,,,,,,,,,,,,,,,,
10/16/2001,,,6,,,,,,,,,,,,,,,,,,,,,
10/16/2001,,,4,,,,,,,,,,,,,,,,,,,,,
10/16/2001,,,4,,,,,,,,,,,,,,,,,,,,,
10/17/2001,,,3,,,,,,,,,,,,,,,,,,,,,
10/17/2001,,,3,,,,,,,,,,,,,,,,,,,,,
10/17/2001,,,3,,,,,,,,,,,,,,,,,,,,,
10/17/2001,,,2,,,,,,,,,,,,,,,,,,,,,
10/17/2001,,,2,,,,,,,,,,,,,,,,,,,,,
10/17/2001,,,2,,,,,,,,,,,,,,,,,,,,,
10/17/2001,,,1,,,,,,,,,,,,,,,,,,,,,
10/17/2001,,,2,,,,,,,,,,,,,,,,,,,,,
10/17/2001,,,4,,,,,,,,,,,,,,,,,,,,,
10/17/2001,,,7,,,,,,,,,,,,,,,,,,,,,
10/17/2001,,,9.7,,,,,,,,,,,,,,,,,,,,,
10/17/2001,,,12,,,,,,,,,,,,,,,,,,,,,
10/17/2001,,,12,,,,,,,,,,,,,,,,,,,,,
10/17/2001,,,11,,,,,,,,,,,,,,,,,,,,,
10/17/2001,,,11,,,,,,,,,,,,,,,,,,,,,
10/17/2001,,,14,,,,,,,,,,,,,,,,,,,,,
10/17/2001,,,11,,,,,,,,,,,,,,,,,,,,,
10/17/2001,,,12,,,,,,,,,,,,,,,,,,,,,
10/17/2001,,,7,,,,,,,,,,,,,,,,,,,,,
10/17/2001,,,4,,,,,,,,,,,,,,,,,,,,,
10/17/2001,,,4,,,,,,,,,,,,,,,,,,,,,
10/17/2001,,,3,,,,,,,,,,,,,,,,,,,,,
10/17/2001,,,3,,,,,,,,,,,,,,,,,,,,,
10/17/2001,,,4,,,,,,,,,,,,,,,,,,,,,
10/18/2001,,,4,,,,,,,,,,,,,,,,,,,,,
10/18/2001,,,4,,,,,,,,,,,,,,,,,,,,,
10/18/2001,,,4,,,,,,,,,,,,,,,,,,,,,
10/18/2001,,,3,,,,,,,,,,,,,,,,,,,,,
10/18/2001,,,3,,,,,,,,,,,,,,,,,,,,,
10/18/2001,,,3,,,,,,,,,,,,,,,,,,,,,
10/18/2001,,,3,,,,,,,,,,,,,,,,,,,,,
10/18/2001,,,4,,,,,,,,,,,,,,,,,,,,,
10/18/2001,,,7,,,,,,,,,,,,,,,,,,,,,
10/18/2001,,,10,,,,,,,,,,,,,,,,,,,,,
10/18/2001,,,13,,,,,,,,,,,,,,,,,,,,,
10/18/2001,,,15,,,,,,,,,,,,,,,,,,,,,
10/18/2001,,,16,,,,,,,,,,,,,,,,,,,,,
10/18/2001,,,17,,,,,,,,,,,,,,,,,,,,,
10/18/2001,,,17,,,,,,,,,,,,,,,,,,,,,
10/18/2001,,,17,,,,,,,,,,,,,,,,,,,,,
10/18/2001,,,16,,,,,,,,,,,,,,,,,,,,,
10/18/2001,,,15,,,,,,,,,,,,,,,,,,,,,
10/18/2001,,,14,,,,,,,,,,,,,,,,,,,,,
10/18/2001,,,13,,,,,,,,,,,,,,,,,,,,,
10/18/2001,,,13,,,,,,,,,,,,,,,,,,,,,
10/18/2001,,,11,,,,,,,,,,,,,,,,,,,,,
10/18/2001,,,12,,,,,,,,,,,,,,,,,,,,,
10/18/2001,,,12,,,,,,,,,,,,,,,,,,,,,
10/19/2001,,,12,,,,,,,,,,,,,,,,,,,,,
10/19/2001,,,12,,,,,,,,,,,,,,,,,,,,,
10/19/2001,,,11,,,,,,,,,,,,,,,,,,,,,
10/19/2001,,,12,,,,,,,,,,,,,,,,,,,,,
10/19/2001,,,12,,,,,,,,,,,,,,,,,,,,,
10/19/2001,,,11,,,,,,,,,,,,,,,,,,,,,
10/19/2001,,,11,,,,,,,,,,,,,,,,,,,,,
10/19/2001,,,11,,,,,,,,,,,,,,,,,,,,,
10/19/2001,,,12,,,,,,,,,,,,,,,,,,,,,
10/19/2001,,,13,,,,,,,,,,,,,,,,,,,,,
10/19/2001,,,16,,,,,,,,,,,,,,,,,,,,,
10/19/2001,,,15,,,,,,,,,,,,,,,,,,,,,
10/19/2001,,,16,,,,,,,,,,,,,,,,,,,,,
10/19/2001,,,16,,,,,,,,,,,,,,,,,,,,,
10/19/2001,,,16,,,,,,,,,,,,,,,,,,,,,
10/19/2001,,,16,,,,,,,,,,,,,,,,,,,,,
10/19/2001,,,15,,,,,,,,,,,,,,,,,,,,,
10/19/2001,,,13,,,,,,,,,,,,,,,,,,,,,
10/19/2001,,,10,,,,,,,,,,,,,,,,,,,,,
10/19/2001,,,8,,,,,,,,,,,,,,,,,,,,,
10/19/2001,,,8,,,,,,,,,,,,,,,,,,,,,
10/19/2001,,,9,,,,,,,,,,,,,,,,,,,,,
10/19/2001,,,7,,,,,,,,,,,,,,,,,,,,,
10/19/2001,,,7,,,,,,,,,,,,,,,,,,,,,
10/20/2001,,,6,,,,,,,,,,,,,,,,,,,,,
10/20/2001,,,5,,,,,,,,,,,,,,,,,,,,,
10/20/2001,,,4,,,,,,,,,,,,,,,,,,,,,
10/20/2001,,,4,,,,,,,,,,,,,,,,,,,,,
10/20/2001,,,4,,,,,,,,,,,,,,,,,,,,,
10/20/2001,,,4,,,,,,,,,,,,,,,,,,,,,
10/20/2001,,,3,,,,,,,,,,,,,,,,,,,,,
10/20/2001,,,6,,,,,,,,,,,,,,,,,,,,,
10/20/2001,,,9,,,,,,,,,,,,,,,,,,,,,
10/20/2001,,,14,,,,,,,,,,,,,,,,,,,,,
10/20/2001,,,18,,,,,,,,,,,,,,,,,,,,,
10/20/2001,,,19,,,,,,,,,,,,,,,,,,,,,
10/20/2001,,,21,,,,,,,,,,,,,,,,,,,,,
10/20/2001,,,21,,,,,,,,,,,,,,,,,,,,,
10/20/2001,,,21,,,,,,,,,,,,,,,,,,,,,
10/20/2001,,,22,,,,,,,,,,,,,,,,,,,,,
10/20/2001,,,21,,,,,,,,,,,,,,,,,,,,,
10/20/2001,,,19,,,,,,,,,,,,,,,,,,,,,
10/20/2001,,,18,,,,,,,,,,,,,,,,,,,,,
10/20/2001,,,16,,,,,,,,,,,,,,,,,,,,,
10/20/2001,,,16,,,,,,,,,,,,,,,,,,,,,
10/20/2001,,,15,,,,,,,,,,,,,,,,,,,,,
10/20/2001,,,13,,,,,,,,,,,,,,,,,,,,,
10/20/2001,,,15,,,,,,,,,,,,,,,,,,,,,
10/21/2001,,,16,,,,,,,,,,,,,,,,,,,,,
10/21/2001,,,16,,,,,,,,,,,,,,,,,,,,,
10/21/2001,,,16,,,,,,,,,,,,,,,,,,,,,
10/21/2001,,,16,,,,,,,,,,,,,,,,,,,,,
10/21/2001,,,16,,,,,,,,,,,,,,,,,,,,,
10/21/2001,,,16,,,,,,,,,,,,,,,,,,,,,
10/21/2001,,,16,,,,,,,,,,,,,,,,,,,,,
10/21/2001,,,16,,,,,,,,,,,,,,,,,,,,,
10/21/2001,,,18,,,,,,,,,,,,,,,,,,,,,
10/21/2001,,,19,,,,,,,,,,,,,,,,,,,,,
10/21/2001,,,19,,,,,,,,,,,,,,,,,,,,,
10/21/2001,,,19,,,,,,,,,,,,,,,,,,,,,
10/21/2001,,,17,,,,,,,,,,,,,,,,,,,,,
10/21/2001,,,17,,,,,,,,,,,,,,,,,,,,,
10/21/2001,,,18,,,,,,,,,,,,,,,,,,,,,
10/21/2001,,,18,,,,,,,,,,,,,,,,,,,,,
10/21/2001,,,18,,,,,,,,,,,,,,,,,,,,,
10/21/2001,,,17,,,,,,,,,,,,,,,,,,,,,
10/21/2001,,,16,,,,,,,,,,,,,,,,,,,,,
10/21/2001,,,16,,,,,,,,,,,,,,,,,,,,,
10/21/2001,,,16,,,,,,,,,,,,,,,,,,,,,
10/21/2001,,,16,,,,,,,,,,,,,,,,,,,,,
10/21/2001,,,15,,,,,,,,,,,,,,,,,,,,,
10/21/2001,,,15,,,,,,,,,,,,,,,,,,,,,
10/22/2001,,,16,,,,,,,,,,,,,,,,,,,,,
10/22/2001,,,15,,,,,,,,,,,,,,,,,,,,,
10/22/2001,,,14,,,,,,,,,,,,,,,,,,,,,
10/22/2001,,,14,,,,,,,,,,,,,,,,,,,,,
10/22/2001,,,13,,,,,,,,,,,,,,,,,,,,,
10/22/2001,,,12,,,,,,,,,,,,,,,,,,,,,
10/22/2001,,,11,,,,,,,,,,,,,,,,,,,,,
10/22/2001,,,13,,,,,,,,,,,,,,,,,,,,,
10/22/2001,,,14,,,,,,,,,,,,,,,,,,,,,
10/22/2001,,,17,,,,,,,,,,,,,,,,,,,,,
10/22/2001,,,18,,,,,,,,,,,,,,,,,,,,,
10/22/2001,,,21,,,,,,,,,,,,,,,,,,,,,
10/22/2001,,,22,,,,,,,,,,,,,,,,,,,,,
10/22/2001,,,22,,,,,,,,,,,,,,,,,,,,,
10/22/2001,,,22,,,,,,,,,,,,,,,,,,,,,
10/22/2001,,,22,,,,,,,,,,,,,,,,,,,,,
10/22/2001,,,21,,,,,,,,,,,,,,,,,,,,,
10/22/2001,,,19,,,,,,,,,,,,,,,,,,,,,
10/22/2001,,,18,,,,,,,,,,,,,,,,,,,,,
10/22/2001,,,18,,,,,,,,,,,,,,,,,,,,,
10/22/2001,,,18,,,,,,,,,,,,,,,,,,,,,
10/22/2001,,,19,,,,,,,,,,,,,,,,,,,,,
10/22/2001,,,18,,,,,,,,,,,,,,,,,,,,,
10/22/2001,,,19,,,,,,,,,,,,,,,,,,,,,
10/23/2001,,,20,,,,,,,,,,,,,,,,,,,,,
10/23/2001,,,20,,,,,,,,,,,,,,,,,,,,,
10/23/2001,,,21,,,,,,,,,,,,,,,,,,,,,
10/23/2001,,,20,,,,,,,,,,,,,,,,,,,,,
10/23/2001,,,19,,,,,,,,,,,,,,,,,,,,,
10/23/2001,,,19,,,,,,,,,,,,,,,,,,,,,
10/23/2001,,,18,,,,,,,,,,,,,,,,,,,,,
10/23/2001,,,17,,,,,,,,,,,,,,,,,,,,,
10/23/2001,,,17,,,,,,,,,,,,,,,,,,,,,
10/23/2001,,,18,,,,,,,,,,,,,,,,,,,,,
10/23/2001,,,18,,,,,,,,,,,,,,,,,,,,,
10/23/2001,,,19,,,,,,,,,,,,,,,,,,,,,
10/23/2001,,,20,,,,,,,,,,,,,,,,,,,,,
10/23/2001,,,21,,,,,,,,,,,,,,,,,,,,,
10/23/2001,,,22,,,,,,,,,,,,,,,,,,,,,
10/23/2001,,,22,,,,,,,,,,,,,,,,,,,,,
10/23/2001,,,22,,,,,,,,,,,,,,,,,,,,,
10/23/2001,,,20,,,,,,,,,,,,,,,,,,,,,
10/23/2001,,,19,,,,,,,,,,,,,,,,,,,,,
10/23/2001,,,18,,,,,,,,,,,,,,,,,,,,,
10/23/2001,,,18,,,,,,,,,,,,,,,,,,,,,
10/23/2001,,,17,,,,,,,,,,,,,,,,,,,,,
10/23/2001,,,17,,,,,,,,,,,,,,,,,,,,,
10/23/2001,,,17,,,,,,,,,,,,,,,,,,,,,
10/24/2001,,,16,,,,,,,,,,,,,,,,,,,,,
10/24/2001,,,16,,,,,,,,,,,,,,,,,,,,,
10/24/2001,,,15,,,,,,,,,,,,,,,,,,,,,
10/24/2001,,,15,,,,,,,,,,,,,,,,,,,,,
10/24/2001,,,15,,,,,,,,,,,,,,,,,,,,,
10/24/2001,,,15,,,,,,,,,,,,,,,,,,,,,
10/24/2001,,,15,,,,,,,,,,,,,,,,,,,,,
10/24/2001,,,16,,,,,,,,,,,,,,,,,,,,,
10/24/2001,,,17,,,,,,,,,,,,,,,,,,,,,
10/24/2001,,,18,,,,,,,,,,,,,,,,,,,,,
10/24/2001,,,19,,,,,,,,,,,,,,,,,,,,,
10/24/2001,,,20,,,,,,,,,,,,,,,,,,,,,
10/24/2001,,,21,,,,,,,,,,,,,,,,,,,,,
10/24/2001,,,23,,,,,,,,,,,,,,,,,,,,,
10/24/2001,,,24,,,,,,,,,,,,,,,,,,,,,
10/24/2001,,,12,,,,,,,,,,,,,,,,,,,,,
10/24/2001,,,11,,,,,,,,,,,,,,,,,,,,,
10/24/2001,,,11,,,,,,,,,,,,,,,,,,,,,
10/24/2001,,,11,,,,,,,,,,,,,,,,,,,,,
10/24/2001,,,10,,,,,,,,,,,,,,,,,,,,,
10/24/2001,,,10,,,,,,,,,,,,,,,,,,,,,
10/24/2001,,,9,,,,,,,,,,,,,,,,,,,,,
10/24/2001,,,9,,,,,,,,,,,,,,,,,,,,,
10/24/2001,,,7,,,,,,,,,,,,,,,,,,,,,
10/25/2001,,,6,,,,,,,,,,,,,,,,,,,,,
10/25/2001,,,6,,,,,,,,,,,,,,,,,,,,,
10/25/2001,,,6,,,,,,,,,,,,,,,,,,,,,
10/25/2001,,,6,,,,,,,,,,,,,,,,,,,,,
10/25/2001,,,4,,,,,,,,,,,,,,,,,,,,,
10/25/2001,,,4,,,,,,,,,,,,,,,,,,,,,
10/25/2001,,,4,,,,,,,,,,,,,,,,,,,,,
10/25/2001,,,4,,,,,,,,,,,,,,,,,,,,,
10/25/2001,,,5,,,,,,,,,,,,,,,,,,,,,
10/25/2001,,,6,,,,,,,,,,,,,,,,,,,,,
10/25/2001,,,7,,,,,,,,,,,,,,,,,,,,,
10/25/2001,,,8,,,,,,,,,,,,,,,,,,,,,
10/25/2001,,,8,,,,,,,,,,,,,,,,,,,,,
10/25/2001,,,9,,,,,,,,,,,,,,,,,,,,,
10/25/2001,,,9,,,,,,,,,,,,,,,,,,,,,
10/25/2001,,,8,,,,,,,,,,,,,,,,,,,,,
10/25/2001,,,8,,,,,,,,,,,,,,,,,,,,,
10/25/2001,,,8,,,,,,,,,,,,,,,,,,,,,
10/25/2001,,,8,,,,,,,,,,,,,,,,,,,,,
10/25/2001,,,7,,,,,,,,,,,,,,,,,,,,,
10/25/2001,,,7,,,,,,,,,,,,,,,,,,,,,
10/25/2001,,,6,,,,,,,,,,,,,,,,,,,,,
10/25/2001,,,6,,,,,,,,,,,,,,,,,,,,,
10/25/2001,,,6,,,,,,,,,,,,,,,,,,,,,
10/26/2001,,,6,,,,,,,,,,,,,,,,,,,,,
10/26/2001,,,5,,,,,,,,,,,,,,,,,,,,,
10/26/2001,,,4,,,,,,,,,,,,,,,,,,,,,
10/26/2001,,,4,,,,,,,,,,,,,,,,,,,,,
10/26/2001,,,3,,,,,,,,,,,,,,,,,,,,,
10/26/2001,,,3,,,,,,,,,,,,,,,,,,,,,
10/26/2001,,,3,,,,,,,,,,,,,,,,,,,,,
10/26/2001,,,3,,,,,,,,,,,,,,,,,,,,,
10/26/2001,,,3,,,,,,,,,,,,,,,,,,,,,
10/26/2001,,,3,,,,,,,,,,,,,,,,,,,,,
10/26/2001,,,3,,,,,,,,,,,,,,,,,,,,,
10/26/2001,,,5,,,,,,,,,,,,,,,,,,,,,
10/26/2001,,,4,,,,,,,,,,,,,,,,,,,,,
10/26/2001,,,3,,,,,,,,,,,,,,,,,,,,,
10/26/2001,,,3,,,,,,,,,,,,,,,,,,,,,
10/26/2001,,,4,,,,,,,,,,,,,,,,,,,,,
10/26/2001,,,3,,,,,,,,,,,,,,,,,,,,,
10/26/2001,,,3.4,,,,,,,,,,,,,,,,,,,,,
10/26/2001,,,3,,,,,,,,,,,,,,,,,,,,,
10/26/2001,,,3,,,,,,,,,,,,,,,,,,,,,
10/26/2001,,,3,,,,,,,,,,,,,,,,,,,,,
10/26/2001,,,3,,,,,,,,,,,,,,,,,,,,,
10/26/2001,,,3,,,,,,,,,,,,,,,,,,,,,
10/26/2001,,,3,,,,,,,,,,,,,,,,,,,,,
10/27/2001,,,3,,,,,,,,,,,,,,,,,,,,,
10/27/2001,,,3,,,,,,,,,,,,,,,,,,,,,
10/27/2001,,,3,,,,,,,,,,,,,,,,,,,,,
10/27/2001,,,3,,,,,,,,,,,,,,,,,,,,,
10/27/2001,,,3,,,,,,,,,,,,,,,,,,,,,
10/27/2001,,,3,,,,,,,,,,,,,,,,,,,,,
10/27/2001,,,3,,,,,,,,,,,,,,,,,,,,,
10/27/2001,,,3,,,,,,,,,,,,,,,,,,,,,
10/27/2001,,,3,,,,,,,,,,,,,,,,,,,,,
10/27/2001,,,4,,,,,,,,,,,,,,,,,,,,,
10/27/2001,,,5,,,,,,,,,,,,,,,,,,,,,
10/27/2001,,,6,,,,,,,,,,,,,,,,,,,,,
10/27/2001,,,6,,,,,,,,,,,,,,,,,,,,,
10/27/2001,,,7,,,,,,,,,,,,,,,,,,,,,
10/27/2001,,,7,,,,,,,,,,,,,,,,,,,,,
10/27/2001,,,6,,,,,,,,,,,,,,,,,,,,,
10/27/2001,,,7,,,,,,,,,,,,,,,,,,,,,
10/27/2001,,,6,,,,,,,,,,,,,,,,,,,,,
10/27/2001,,,4,,,,,,,,,,,,,,,,,,,,,
10/27/2001,,,3,,,,,,,,,,,,,,,,,,,,,
10/27/2001,,,2.4,,,,,,,,,,,,,,,,,,,,,
10/27/2001,,,2,,,,,,,,,,,,,,,,,,,,,
10/27/2001,,,1,,,,,,,,,,,,,,,,,,,,,
10/27/2001,,,-1,,,,,,,,,,,,,,,,,,,,,
10/28/2001,,,-2,,,,,,,,,,,,,,,,,,,,,
10/28/2001,,,-2,,,,,,,,,,,,,,,,,,,,,
10/28/2001,,,-2,,,,,,,,,,,,,,,,,,,,,
10/28/2001,,,-2,,,,,,,,,,,,,,,,,,,,,
10/28/2001,,,-2,,,,,,,,,,,,,,,,,,,,,
10/28/2001,,,-3,,,,,,,,,,,,,,,,,,,,,
10/28/2001,,,-2,,,,,,,,,,,,,,,,,,,,,
10/28/2001,,,-1,,,,,,,,,,,,,,,,,,,,,
10/28/2001,,,3,,,,,,,,,,,,,,,,,,,,,
10/28/2001,,,6,,,,,,,,,,,,,,,,,,,,,
10/28/2001,,,8,,,,,,,,,,,,,,,,,,,,,
10/28/2001,,,9,,,,,,,,,,,,,,,,,,,,,
10/28/2001,,,10,,,,,,,,,,,,,,,,,,,,,
10/28/2001,,,11,,,,,,,,,,,,,,,,,,,,,
10/28/2001,,,12,,,,,,,,,,,,,,,,,,,,,
10/28/2001,,,12,,,,,,,,,,,,,,,,,,,,,
10/28/2001,,,11,,,,,,,,,,,,,,,,,,,,,
10/28/2001,,,10,,,,,,,,,,,,,,,,,,,,,
10/28/2001,,,9,,,,,,,,,,,,,,,,,,,,,
10/28/2001,,,8,,,,,,,,,,,,,,,,,,,,,
10/28/2001,,,8,,,,,,,,,,,,,,,,,,,,,
10/28/2001,,,7,,,,,,,,,,,,,,,,,,,,,
10/28/2001,,,7,,,,,,,,,,,,,,,,,,,,,
10/28/2001,,,6,,,,,,,,,,,,,,,,,,,,,
10/29/2001,,,7,,,,,,,,,,,,,,,,,,,,,
10/29/2001,,,6,,,,,,,,,,,,,,,,,,,,,
10/29/2001,,,6,,,,,,,,,,,,,,,,,,,,,
10/29/2001,,,6,,,,,,,,,,,,,,,,,,,,,
10/29/2001,,,6,,,,,,,,,,,,,,,,,,,,,
10/29/2001,,,6,,,,,,,,,,,,,,,,,,,,,
10/29/2001,,,6,,,,,,,,,,,,,,,,,,,,,
10/29/2001,,,6,,,,,,,,,,,,,,,,,,,,,
10/29/2001,,,8,,,,,,,,,,,,,,,,,,,,,
10/29/2001,,,11,,,,,,,,,,,,,,,,,,,,,
10/29/2001,,,13,,,,,,,,,,,,,,,,,,,,,
10/29/2001,,,15,,,,,,,,,,,,,,,,,,,,,
10/29/2001,,,16,,,,,,,,,,,,,,,,,,,,,
10/29/2001,,,17,,,,,,,,,,,,,,,,,,,,,
10/29/2001,,,18,,,,,,,,,,,,,,,,,,,,,
10/29/2001,,,18,,,,,,,,,,,,,,,,,,,,,
10/29/2001,,,18,,,,,,,,,,,,,,,,,,,,,
10/29/2001,,,16,,,,,,,,,,,,,,,,,,,,,
10/29/2001,,,13,,,,,,,,,,,,,,,,,,,,,
10/29/2001,,,11,,,,,,,,,,,,,,,,,,,,,
10/29/2001,,,9,,,,,,,,,,,,,,,,,,,,,
10/29/2001,,,8,,,,,,,,,,,,,,,,,,,,,
10/29/2001,,,9,,,,,,,,,,,,,,,,,,,,,
10/29/2001,,,8,,,,,,,,,,,,,,,,,,,,,
10/30/2001,,,7,,,,,,,,,,,,,,,,,,,,,
10/30/2001,,,7,,,,,,,,,,,,,,,,,,,,,
10/30/2001,,,7,,,,,,,,,,,,,,,,,,,,,
10/30/2001,,,6,,,,,,,,,,,,,,,,,,,,,
10/30/2001,,,7,,,,,,,,,,,,,,,,,,,,,
10/30/2001,,,8,,,,,,,,,,,,,,,,,,,,,
10/30/2001,,,8,,,,,,,,,,,,,,,,,,,,,
10/30/2001,,,9,,,,,,,,,,,,,,,,,,,,,
10/30/2001,,,9,,,,,,,,,,,,,,,,,,,,,
10/30/2001,,,11,,,,,,,,,,,,,,,,,,,,,
10/30/2001,,,12,,,,,,,,,,,,,,,,,,,,,
10/30/2001,,,13,,,,,,,,,,,,,,,,,,,,,
10/30/2001,,,14,,,,,,,,,,,,,,,,,,,,,
10/30/2001,,,15,,,,,,,,,,,,,,,,,,,,,
10/30/2001,,,16,,,,,,,,,,,,,,,,,,,,,
10/30/2001,,,16,,,,,,,,,,,,,,,,,,,,,
10/30/2001,,,16,,,,,,,,,,,,,,,,,,,,,
10/30/2001,,,14,,,,,,,,,,,,,,,,,,,,,
10/30/2001,,,12,,,,,,,,,,,,,,,,,,,,,
10/30/2001,,,11,,,,,,,,,,,,,,,,,,,,,
10/30/2001,,,12,,,,,,,,,,,,,,,,,,,,,
10/30/2001,,,11,,,,,,,,,,,,,,,,,,,,,
10/30/2001,,,12,,,,,,,,,,,,,,,,,,,,,
10/30/2001,,,12,,,,,,,,,,,,,,,,,,,,,
10/31/2001,,,12,,,,,,,,,,,,,,,,,,,,,
10/31/2001,,,12,,,,,,,,,,,,,,,,,,,,,
10/31/2001,,,12,,,,,,,,,,,,,,,,,,,,,
10/31/2001,,,11,,,,,,,,,,,,,,,,,,,,,
10/31/2001,,,11,,,,,,,,,,,,,,,,,,,,,
10/31/2001,,,10,,,,,,,,,,,,,,,,,,,,,
10/31/2001,,,10,,,,,,,,,,,,,,,,,,,,,
10/31/2001,,,10,,,,,,,,,,,,,,,,,,,,,
10/31/2001,,,12,,,,,,,,,,,,,,,,,,,,,
10/31/2001,,,15,,,,,,,,,,,,,,,,,,,,,
10/31/2001,,,17,,,,,,,,,,,,,,,,,,,,,
10/31/2001,,,18,,,,,,,,,,,,,,,,,,,,,
10/31/2001,,,19,,,,,,,,,,,,,,,,,,,,,
10/31/2001,,,20,,,,,,,,,,,,,,,,,,,,,
10/31/2001,,,20,,,,,,,,,,,,,,,,,,,,,
10/31/2001,,,19,,,,,,,,,,,,,,,,,,,,,
10/31/2001,,,18,,,,,,,,,,,,,,,,,,,,,
10/31/2001,,,17,,,,,,,,,,,,,,,,,,,,,
10/31/2001,,,15,,,,,,,,,,,,,,,,,,,,,
10/31/2001,,,14,,,,,,,,,,,,,,,,,,,,,
10/31/2001,,,14,,,,,,,,,,,,,,,,,,,,,
10/31/2001,,,13.4,,,,,,,,,,,,,,,,,,,,,
10/31/2001,,,12.9,,,,,,,,,,,,,,,,,,,,,
10/31/2001,,,12.3,,,,,,,,,,,,,,,,,,,,,
11/1/2003,,,11.7,,,,,,,,,,,,,,,,,,,,,
11/1/2003,,,11.1,,,,,,,,,,,,,,,,,,,,,
11/1/2003,,,10.6,,,,,,,,,,,,,,,,,,,,,
11/1/2003,,,10,,,,,,,,,,,,,,,,,,,,,
11/1/2003,,,9,,,,,,,,,,,,,,,,,,,,,
11/1/2003,,,9,,,,,,,,,,,,,,,,,,,,,
11/1/2003,,,8,,,,,,,,,,,,,,,,,,,,,
11/1/2003,,,9,,,,,,,,,,,,,,,,,,,,,
11/1/2003,,,9,,,,,,,,,,,,,,,,,,,,,
11/1/2003,,,11,,,,,,,,,,,,,,,,,,,,,
11/1/2003,,,11,,,,,,,,,,,,,,,,,,,,,
11/1/2003,,,12,,,,,,,,,,,,,,,,,,,,,
11/1/2003,,,13,,,,,,,,,,,,,,,,,,,,,
11/1/2003,,,13,,,,,,,,,,,,,,,,,,,,,
11/1/2003,,,13,,,,,,,,,,,,,,,,,,,,,
11/1/2003,,,14,,,,,,,,,,,,,,,,,,,,,
11/1/2003,,,13,,,,,,,,,,,,,,,,,,,,,
11/1/2003,,,13,,,,,,,,,,,,,,,,,,,,,
11/1/2003,,,13,,,,,,,,,,,,,,,,,,,,,
11/1/2003,,,12,,,,,,,,,,,,,,,,,,,,,
11/1/2003,,,13,,,,,,,,,,,,,,,,,,,,,
11/1/2003,,,12,,,,,,,,,,,,,,,,,,,,,
11/1/2003,,,12,,,,,,,,,,,,,,,,,,,,,
11/1/2003,,,13,,,,,,,,,,,,,,,,,,,,,
11/2/2003,,,13,,,,,,,,,,,,,,,,,,,,,
11/2/2003,,,14,,,,,,,,,,,,,,,,,,,,,
11/2/2003,,,14,,,,,,,,,,,,,,,,,,,,,
11/2/2003,,,15,,,,,,,,,,,,,,,,,,,,,
11/2/2003,,,14,,,,,,,,,,,,,,,,,,,,,
11/2/2003,,,14,,,,,,,,,,,,,,,,,,,,,
11/2/2003,,,14,,,,,,,,,,,,,,,,,,,,,
11/2/2003,,,16,,,,,,,,,,,,,,,,,,,,,
11/2/2003,,,18,,,,,,,,,,,,,,,,,,,,,
11/2/2003,,,19,,,,,,,,,,,,,,,,,,,,,
11/2/2003,,,21,,,,,,,,,,,,,,,,,,,,,
11/2/2003,,,21,,,,,,,,,,,,,,,,,,,,,
11/2/2003,,,21,,,,,,,,,,,,,,,,,,,,,
11/2/2003,,,19,,,,,,,,,,,,,,,,,,,,,
11/2/2003,,,21,,,,,,,,,,,,,,,,,,,,,
11/2/2003,,,21,,,,,,,,,,,,,,,,,,,,,
11/2/2003,,,21,,,,,,,,,,,,,,,,,,,,,
11/2/2003,,,19,,,,,,,,,,,,,,,,,,,,,
11/2/2003,,,18,,,,,,,,,,,,,,,,,,,,,
11/2/2003,,,18,,,,,,,,,,,,,,,,,,,,,
11/2/2003,,,17,,,,,,,,,,,,,,,,,,,,,
11/2/2003,,,16,,,,,,,,,,,,,,,,,,,,,
11/2/2003,,,18,,,,,,,,,,,,,,,,,,,,,
11/2/2003,,,17,,,,,,,,,,,,,,,,,,,,,
11/3/2003,,,17,,,,,,,,,,,,,,,,,,,,,
11/3/2003,,,17,,,,,,,,,,,,,,,,,,,,,
11/3/2003,,,14,,,,,,,,,,,,,,,,,,,,,
11/3/2003,,,17,,,,,,,,,,,,,,,,,,,,,
11/3/2003,,,17,,,,,,,,,,,,,,,,,,,,,
11/3/2003,,,15.9,,,,,,,,,,,,,,,,,,,,,
11/3/2003,,,15,,,,,,,,,,,,,,,,,,,,,
11/3/2003,,,16,,,,,,,,,,,,,,,,,,,,,
11/3/2003,,,17,,,,,,,,,,,,,,,,,,,,,
11/3/2003,,,18,,,,,,,,,,,,,,,,,,,,,
11/3/2003,,,21,,,,,,,,,,,,,,,,,,,,,
11/3/2003,,,23,,,,,,,,,,,,,,,,,,,,,
11/3/2003,,,23,,,,,,,,,,,,,,,,,,,,,
11/3/2003,,,24,,,,,,,,,,,,,,,,,,,,,
11/3/2003,,,24,,,,,,,,,,,,,,,,,,,,,
11/3/2003,,,24,,,,,,,,,,,,,,,,,,,,,
11/3/2003,,,24,,,,,,,,,,,,,,,,,,,,,
11/3/2003,,,22,,,,,,,,,,,,,,,,,,,,,
11/3/2003,,,21,,,,,,,,,,,,,,,,,,,,,
11/3/2003,,,20,,,,,,,,,,,,,,,,,,,,,
11/3/2003,,,18,,,,,,,,,,,,,,,,,,,,,
11/3/2003,,,17,,,,,,,,,,,,,,,,,,,,,
11/3/2003,,,17,,,,,,,,,,,,,,,,,,,,,
11/3/2003,,,17,,,,,,,,,,,,,,,,,,,,,
11/4/2003,,,17.2,,,,,,,,,,,,,,,,,,,,,
11/4/2003,,,17,,,,,,,,,,,,,,,,,,,,,
11/4/2003,,,16,,,,,,,,,,,,,,,,,,,,,
11/4/2003,,,16,,,,,,,,,,,,,,,,,,,,,
11/4/2003,,,16,,,,,,,,,,,,,,,,,,,,,
11/4/2003,,,15,,,,,,,,,,,,,,,,,,,,,
11/4/2003,,,15,,,,,,,,,,,,,,,,,,,,,
11/4/2003,,,17,,,,,,,,,,,,,,,,,,,,,
11/4/2003,,,19,,,,,,,,,,,,,,,,,,,,,
11/4/2003,,,21,,,,,,,,,,,,,,,,,,,,,
11/4/2003,,,23,,,,,,,,,,,,,,,,,,,,,
11/4/2003,,,24,,,,,,,,,,,,,,,,,,,,,
11/4/2003,,,24,,,,,,,,,,,,,,,,,,,,,
11/4/2003,,,26,,,,,,,,,,,,,,,,,,,,,
11/4/2003,,,25,,,,,,,,,,,,,,,,,,,,,
11/4/2003,,,25,,,,,,,,,,,,,,,,,,,,,
11/4/2003,,,24,,,,,,,,,,,,,,,,,,,,,
11/4/2003,,,23,,,,,,,,,,,,,,,,,,,,,
11/4/2003,,,22,,,,,,,,,,,,,,,,,,,,,
11/4/2003,,,21,,,,,,,,,,,,,,,,,,,,,
11/4/2003,,,21,,,,,,,,,,,,,,,,,,,,,
11/4/2003,,,21,,,,,,,,,,,,,,,,,,,,,
11/4/2003,,,20,,,,,,,,,,,,,,,,,,,,,
11/4/2003,,,19,,,,,,,,,,,,,,,,,,,,,
11/5/2003,,,19,,,,,,,,,,,,,,,,,,,,,
11/5/2003,,,17,,,,,,,,,,,,,,,,,,,,,
11/5/2003,,,12,,,,,,,,,,,,,,,,,,,,,
11/5/2003,,,9,,,,,,,,,,,,,,,,,,,,,
11/5/2003,,,8,,,,,,,,,,,,,,,,,,,,,
11/5/2003,,,8,,,,,,,,,,,,,,,,,,,,,
11/5/2003,,,7,,,,,,,,,,,,,,,,,,,,,
11/5/2003,,,6,,,,,,,,,,,,,,,,,,,,,
11/5/2003,,,6,,,,,,,,,,,,,,,,,,,,,
11/5/2003,,,6,,,,,,,,,,,,,,,,,,,,,
11/5/2003,,,6,,,,,,,,,,,,,,,,,,,,,
11/5/2003,,,7,,,,,,,,,,,,,,,,,,,,,
11/5/2003,,,7,,,,,,,,,,,,,,,,,,,,,
11/5/2003,,,8,,,,,,,,,,,,,,,,,,,,,
11/5/2003,,,7,,,,,,,,,,,,,,,,,,,,,
11/5/2003,,,7,,,,,,,,,,,,,,,,,,,,,
11/5/2003,,,7,,,,,,,,,,,,,,,,,,,,,
11/5/2003,,,7,,,,,,,,,,,,,,,,,,,,,
11/5/2003,,,7,,,,,,,,,,,,,,,,,,,,,
11/5/2003,,,6,,,,,,,,,,,,,,,,,,,,,
11/5/2003,,,6,,,,,,,,,,,,,,,,,,,,,
11/5/2003,,,6,,,,,,,,,,,,,,,,,,,,,
11/5/2003,,,6,,,,,,,,,,,,,,,,,,,,,
11/5/2003,,,6,,,,,,,,,,,,,,,,,,,,,
11/6/2003,,,6.2,,,,,,,,,,,,,,,,,,,,,
11/6/2003,,,6,,,,,,,,,,,,,,,,,,,,,
11/6/2003,,,6,,,,,,,,,,,,,,,,,,,,,
11/6/2003,,,6,,,,,,,,,,,,,,,,,,,,,
11/6/2003,,,6,,,,,,,,,,,,,,,,,,,,,
11/6/2003,,,6,,,,,,,,,,,,,,,,,,,,,
11/6/2003,,,6,,,,,,,,,,,,,,,,,,,,,
11/6/2003,,,6,,,,,,,,,,,,,,,,,,,,,
11/6/2003,,,6,,,,,,,,,,,,,,,,,,,,,
11/6/2003,,,6,,,,,,,,,,,,,,,,,,,,,
11/6/2003,,,7,,,,,,,,,,,,,,,,,,,,,
11/6/2003,,,7,,,,,,,,,,,,,,,,,,,,,
11/6/2003,,,7,,,,,,,,,,,,,,,,,,,,,
11/6/2003,,,7,,,,,,,,,,,,,,,,,,,,,
11/6/2003,,,7,,,,,,,,,,,,,,,,,,,,,
11/6/2003,,,7,,,,,,,,,,,,,,,,,,,,,
11/6/2003,,,7,,,,,,,,,,,,,,,,,,,,,
11/6/2003,,,4,,,,,,,,,,,,,,,,,,,,,
11/6/2003,,,4,,,,,,,,,,,,,,,,,,,,,
11/6/2003,,,4,,,,,,,,,,,,,,,,,,,,,
11/6/2003,,,3,,,,,,,,,,,,,,,,,,,,,
11/6/2003,,,1,,,,,,,,,,,,,,,,,,,,,
11/6/2003,,,0,,,,,,,,,,,,,,,,,,,,,
11/6/2003,,,0,,,,,,,,,,,,,,,,,,,,,
11/7/2003,,,-1,,,,,,,,,,,,,,,,,,,,,
11/7/2003,,,-1,,,,,,,,,,,,,,,,,,,,,
11/7/2003,,,-2,,,,,,,,,,,,,,,,,,,,,
11/7/2003,,,-2,,,,,,,,,,,,,,,,,,,,,
11/7/2003,,,-3,,,,,,,,,,,,,,,,,,,,,
11/7/2003,,,-3,,,,,,,,,,,,,,,,,,,,,
11/7/2003,,,-3,,,,,,,,,,,,,,,,,,,,,
11/7/2003,,,-4,,,,,,,,,,,,,,,,,,,,,
11/7/2003,,,-1,,,,,,,,,,,,,,,,,,,,,
11/7/2003,,,2,,,,,,,,,,,,,,,,,,,,,
11/7/2003,,,3,,,,,,,,,,,,,,,,,,,,,
11/7/2003,,,4,,,,,,,,,,,,,,,,,,,,,
11/7/2003,,,5,,,,,,,,,,,,,,,,,,,,,
11/7/2003,,,6,,,,,,,,,,,,,,,,,,,,,
11/7/2003,,,6,,,,,,,,,,,,,,,,,,,,,
11/7/2003,,,6,,,,,,,,,,,,,,,,,,,,,
11/7/2003,,,6,,,,,,,,,,,,,,,,,,,,,
11/7/2003,,,4,,,,,,,,,,,,,,,,,,,,,
11/7/2003,,,3,,,,,,,,,,,,,,,,,,,,,
11/7/2003,,,1,,,,,,,,,,,,,,,,,,,,,
11/7/2003,,,1,,,,,,,,,,,,,,,,,,,,,
11/7/2003,,,-2,,,,,,,,,,,,,,,,,,,,,
11/7/2003,,,-2,,,,,,,,,,,,,,,,,,,,,
11/7/2003,,,0,,,,,,,,,,,,,,,,,,,,,
11/8/2003,,,-1,,,,,,,,,,,,,,,,,,,,,
11/8/2003,,,-1,,,,,,,,,,,,,,,,,,,,,
11/8/2003,,,-1,,,,,,,,,,,,,,,,,,,,,
11/8/2003,,,-2,,,,,,,,,,,,,,,,,,,,,
11/8/2003,,,-2,,,,,,,,,,,,,,,,,,,,,
11/8/2003,,,-2,,,,,,,,,,,,,,,,,,,,,
11/8/2003,,,-3,,,,,,,,,,,,,,,,,,,,,
11/8/2003,,,-2,,,,,,,,,,,,,,,,,,,,,
11/8/2003,,,-1,,,,,,,,,,,,,,,,,,,,,
11/8/2003,,,1,,,,,,,,,,,,,,,,,,,,,
11/8/2003,,,2,,,,,,,,,,,,,,,,,,,,,
11/8/2003,,,2,,,,,,,,,,,,,,,,,,,,,
11/8/2003,,,3,,,,,,,,,,,,,,,,,,,,,
11/8/2003,,,3,,,,,,,,,,,,,,,,,,,,,
11/8/2003,,,4,,,,,,,,,,,,,,,,,,,,,
11/8/2003,,,3,,,,,,,,,,,,,,,,,,,,,
11/8/2003,,,3,,,,,,,,,,,,,,,,,,,,,
11/8/2003,,,1,,,,,,,,,,,,,,,,,,,,,
11/8/2003,,,0,,,,,,,,,,,,,,,,,,,,,
11/8/2003,,,-1,,,,,,,,,,,,,,,,,,,,,
11/8/2003,,,-1,,,,,,,,,,,,,,,,,,,,,
11/8/2003,,,-2,,,,,,,,,,,,,,,,,,,,,
11/8/2003,,,-2,,,,,,,,,,,,,,,,,,,,,
11/8/2003,,,-2,,,,,,,,,,,,,,,,,,,,,
11/9/2003,,,-3,,,,,,,,,,,,,,,,,,,,,
11/9/2003,,,-3,,,,,,,,,,,,,,,,,,,,,
11/9/2003,,,-4,,,,,,,,,,,,,,,,,,,,,
11/9/2003,,,-4,,,,,,,,,,,,,,,,,,,,,
11/9/2003,,,-4,,,,,,,,,,,,,,,,,,,,,
11/9/2003,,,-5,,,,,,,,,,,,,,,,,,,,,
11/9/2003,,,-5,,,,,,,,,,,,,,,,,,,,,
11/9/2003,,,-4,,,,,,,,,,,,,,,,,,,,,
11/9/2003,,,-3,,,,,,,,,,,,,,,,,,,,,
11/9/2003,,,0,,,,,,,,,,,,,,,,,,,,,
11/9/2003,,,2,,,,,,,,,,,,,,,,,,,,,
11/9/2003,,,3,,,,,,,,,,,,,,,,,,,,,
11/9/2003,,,5,,,,,,,,,,,,,,,,,,,,,
11/9/2003,,,6,,,,,,,,,,,,,,,,,,,,,
11/9/2003,,,6,,,,,,,,,,,,,,,,,,,,,
11/9/2003,,,6,,,,,,,,,,,,,,,,,,,,,
11/9/2003,,,5,,,,,,,,,,,,,,,,,,,,,
11/9/2003,,,3,,,,,,,,,,,,,,,,,,,,,
11/9/2003,,,4,,,,,,,,,,,,,,,,,,,,,
11/9/2003,,,4,,,,,,,,,,,,,,,,,,,,,
11/9/2003,,,3,,,,,,,,,,,,,,,,,,,,,
11/9/2003,,,1,,,,,,,,,,,,,,,,,,,,,
11/9/2003,,,1,,,,,,,,,,,,,,,,,,,,,
11/9/2003,,,0.4,,,,,,,,,,,,,,,,,,,,,
11/10/2003,,,0,,,,,,,,,,,,,,,,,,,,,
11/10/2003,,,1,,,,,,,,,,,,,,,,,,,,,
11/10/2003,,,-1,,,,,,,,,,,,,,,,,,,,,
11/10/2003,,,-1,,,,,,,,,,,,,,,,,,,,,
11/10/2003,,,-1,,,,,,,,,,,,,,,,,,,,,
11/10/2003,,,-2,,,,,,,,,,,,,,,,,,,,,
11/10/2003,,,-1,,,,,,,,,,,,,,,,,,,,,
11/10/2003,,,-1,,,,,,,,,,,,,,,,,,,,,
11/10/2003,,,1,,,,,,,,,,,,,,,,,,,,,
11/10/2003,,,4,,,,,,,,,,,,,,,,,,,,,
11/10/2003,,,8,,,,,,,,,,,,,,,,,,,,,
11/10/2003,,,10,,,,,,,,,,,,,,,,,,,,,
11/10/2003,,,12,,,,,,,,,,,,,,,,,,,,,
11/10/2003,,,12,,,,,,,,,,,,,,,,,,,,,
11/10/2003,,,14,,,,,,,,,,,,,,,,,,,,,
11/10/2003,,,13,,,,,,,,,,,,,,,,,,,,,
11/10/2003,,,13,,,,,,,,,,,,,,,,,,,,,
11/10/2003,,,13,,,,,,,,,,,,,,,,,,,,,
11/10/2003,,,13,,,,,,,,,,,,,,,,,,,,,
11/10/2003,,,13,,,,,,,,,,,,,,,,,,,,,
11/10/2003,,,13,,,,,,,,,,,,,,,,,,,,,
11/10/2003,,,13,,,,,,,,,,,,,,,,,,,,,
11/10/2003,,,13,,,,,,,,,,,,,,,,,,,,,
11/10/2003,,,12,,,,,,,,,,,,,,,,,,,,,
11/11/2003,,,13,,,,,,,,,,,,,,,,,,,,,
11/11/2003,,,13,,,,,,,,,,,,,,,,,,,,,
11/11/2003,,,13,,,,,,,,,,,,,,,,,,,,,
11/11/2003,,,13,,,,,,,,,,,,,,,,,,,,,
11/11/2003,,,13,,,,,,,,,,,,,,,,,,,,,
11/11/2003,,,13,,,,,,,,,,,,,,,,,,,,,
11/11/2003,,,14,,,,,,,,,,,,,,,,,,,,,
11/11/2003,,,14,,,,,,,,,,,,,,,,,,,,,
11/11/2003,,,14,,,,,,,,,,,,,,,,,,,,,
11/11/2003,,,14,,,,,,,,,,,,,,,,,,,,,
11/11/2003,,,15,,,,,,,,,,,,,,,,,,,,,
11/11/2003,,,16,,,,,,,,,,,,,,,,,,,,,
11/11/2003,,,17,,,,,,,,,,,,,,,,,,,,,
11/11/2003,,,17,,,,,,,,,,,,,,,,,,,,,
11/11/2003,,,16,,,,,,,,,,,,,,,,,,,,,
11/11/2003,,,16,,,,,,,,,,,,,,,,,,,,,
11/11/2003,,,16,,,,,,,,,,,,,,,,,,,,,
11/11/2003,,,15,,,,,,,,,,,,,,,,,,,,,
11/11/2003,,,15,,,,,,,,,,,,,,,,,,,,,
11/11/2003,,,14,,,,,,,,,,,,,,,,,,,,,
11/11/2003,,,14,,,,,,,,,,,,,,,,,,,,,
11/11/2003,,,13.9,,,,,,,,,,,,,,,,,,,,,
11/11/2003,,,13.7,,,,,,,,,,,,,,,,,,,,,
11/11/2003,,,13.8,,,,,,,,,,,,,,,,,,,,,
11/12/2003,,,14,,,,,,,,,,,,,,,,,,,,,
11/12/2003,,,14,,,,,,,,,,,,,,,,,,,,,
11/12/2003,,,14,,,,,,,,,,,,,,,,,,,,,
11/12/2003,,,13.9,,,,,,,,,,,,,,,,,,,,,
11/12/2003,,,13.9,,,,,,,,,,,,,,,,,,,,,
11/12/2003,,,13.8,,,,,,,,,,,,,,,,,,,,,
11/12/2003,,,13.9,,,,,,,,,,,,,,,,,,,,,
11/12/2003,,,14,,,,,,,,,,,,,,,,,,,,,
11/12/2003,,,14,,,,,,,,,,,,,,,,,,,,,
11/12/2003,,,15,,,,,,,,,,,,,,,,,,,,,
11/12/2003,,,16,,,,,,,,,,,,,,,,,,,,,
11/12/2003,,,17,,,,,,,,,,,,,,,,,,,,,
11/12/2003,,,18,,,,,,,,,,,,,,,,,,,,,
11/12/2003,,,19,,,,,,,,,,,,,,,,,,,,,
11/12/2003,,,18,,,,,,,,,,,,,,,,,,,,,
11/12/2003,,,17,,,,,,,,,,,,,,,,,,,,,
11/12/2003,,,15,,,,,,,,,,,,,,,,,,,,,
11/12/2003,,,12,,,,,,,,,,,,,,,,,,,,,
11/12/2003,,,8,,,,,,,,,,,,,,,,,,,,,
11/12/2003,,,7,,,,,,,,,,,,,,,,,,,,,
11/12/2003,,,6,,,,,,,,,,,,,,,,,,,,,
11/12/2003,,,5,,,,,,,,,,,,,,,,,,,,,
11/12/2003,,,4,,,,,,,,,,,,,,,,,,,,,
11/12/2003,,,3,,,,,,,,,,,,,,,,,,,,,
11/13/2003,,,2,,,,,,,,,,,,,,,,,,,,,
11/13/2003,,,1,,,,,,,,,,,,,,,,,,,,,
11/13/2003,,,1,,,,,,,,,,,,,,,,,,,,,
11/13/2003,,,0,,,,,,,,,,,,,,,,,,,,,
11/13/2003,,,0,,,,,,,,,,,,,,,,,,,,,
11/13/2003,,,0,,,,,,,,,,,,,,,,,,,,,
11/13/2003,,,-1,,,,,,,,,,,,,,,,,,,,,
11/13/2003,,,-1,,,,,,,,,,,,,,,,,,,,,
11/13/2003,,,0,,,,,,,,,,,,,,,,,,,,,
11/13/2003,,,2,,,,,,,,,,,,,,,,,,,,,
11/13/2003,,,3,,,,,,,,,,,,,,,,,,,,,
11/13/2003,,,4,,,,,,,,,,,,,,,,,,,,,
11/13/2003,,,5.1,,,,,,,,,,,,,,,,,,,,,
11/13/2003,,,6,,,,,,,,,,,,,,,,,,,,,
11/13/2003,,,6,,,,,,,,,,,,,,,,,,,,,
11/13/2003,,,6,,,,,,,,,,,,,,,,,,,,,
11/13/2003,,,4,,,,,,,,,,,,,,,,,,,,,
11/13/2003,,,3,,,,,,,,,,,,,,,,,,,,,
11/13/2003,,,1,,,,,,,,,,,,,,,,,,,,,
11/13/2003,,,1,,,,,,,,,,,,,,,,,,,,,
11/13/2003,,,0,,,,,,,,,,,,,,,,,,,,,
11/13/2003,,,-2,,,,,,,,,,,,,,,,,,,,,
11/13/2003,,,-1,,,,,,,,,,,,,,,,,,,,,
11/13/2003,,,-1,,,,,,,,,,,,,,,,,,,,,
11/14/2003,,,-2,,,,,,,,,,,,,,,,,,,,,
11/14/2003,,,-3,,,,,,,,,,,,,,,,,,,,,
11/14/2003,,,-3.5,,,,,,,,,,,,,,,,,,,,,
11/14/2003,,,-4,,,,,,,,,,,,,,,,,,,,,
11/14/2003,,,-4,,,,,,,,,,,,,,,,,,,,,
11/14/2003,,,-4,,,,,,,,,,,,,,,,,,,,,
11/14/2003,,,-4,,,,,,,,,,,,,,,,,,,,,
11/14/2003,,,-4,,,,,,,,,,,,,,,,,,,,,
11/14/2003,,,-2,,,,,,,,,,,,,,,,,,,,,
11/14/2003,,,1,,,,,,,,,,,,,,,,,,,,,
11/14/2003,,,3,,,,,,,,,,,,,,,,,,,,,
11/14/2003,,,5,,,,,,,,,,,,,,,,,,,,,
11/14/2003,,,7,,,,,,,,,,,,,,,,,,,,,
11/14/2003,,,7,,,,,,,,,,,,,,,,,,,,,
11/14/2003,,,7,,,,,,,,,,,,,,,,,,,,,
11/14/2003,,,7,,,,,,,,,,,,,,,,,,,,,
11/14/2003,,,7,,,,,,,,,,,,,,,,,,,,,
11/14/2003,,,6,,,,,,,,,,,,,,,,,,,,,
11/14/2003,,,6,,,,,,,,,,,,,,,,,,,,,
11/14/2003,,,5,,,,,,,,,,,,,,,,,,,,,
11/14/2003,,,5,,,,,,,,,,,,,,,,,,,,,
11/14/2003,,,4,,,,,,,,,,,,,,,,,,,,,
11/14/2003,,,4,,,,,,,,,,,,,,,,,,,,,
11/14/2003,,,4,,,,,,,,,,,,,,,,,,,,,
11/15/2003,,,3,,,,,,,,,,,,,,,,,,,,,
11/15/2003,,,3,,,,,,,,,,,,,,,,,,,,,
11/15/2003,,,3,,,,,,,,,,,,,,,,,,,,,
11/15/2003,,,3,,,,,,,,,,,,,,,,,,,,,
11/15/2003,,,3,,,,,,,,,,,,,,,,,,,,,
11/15/2003,,,4,,,,,,,,,,,,,,,,,,,,,
11/15/2003,,,4,,,,,,,,,,,,,,,,,,,,,
11/15/2003,,,3,,,,,,,,,,,,,,,,,,,,,
11/15/2003,,,4,,,,,,,,,,,,,,,,,,,,,
11/15/2003,,,4,,,,,,,,,,,,,,,,,,,,,
11/15/2003,,,4,,,,,,,,,,,,,,,,,,,,,
11/15/2003,,,4,,,,,,,,,,,,,,,,,,,,,
11/15/2003,,,5,,,,,,,,,,,,,,,,,,,,,
11/15/2003,,,5,,,,,,,,,,,,,,,,,,,,,
11/15/2003,,,6,,,,,,,,,,,,,,,,,,,,,
11/15/2003,,,6,,,,,,,,,,,,,,,,,,,,,
11/15/2003,,,6,,,,,,,,,,,,,,,,,,,,,
11/15/2003,,,6,,,,,,,,,,,,,,,,,,,,,
11/15/2003,,,6,,,,,,,,,,,,,,,,,,,,,
11/15/2003,,,6,,,,,,,,,,,,,,,,,,,,,
11/15/2003,,,6,,,,,,,,,,,,,,,,,,,,,
11/15/2003,,,6,,,,,,,,,,,,,,,,,,,,,
11/15/2003,,,6,,,,,,,,,,,,,,,,,,,,,
11/15/2003,,,6,,,,,,,,,,,,,,,,,,,,,
11/16/2003,,,7,,,,,,,,,,,,,,,,,,,,,
11/16/2003,,,7,,,,,,,,,,,,,,,,,,,,,
11/16/2003,,,7,,,,,,,,,,,,,,,,,,,,,
11/16/2003,,,6.9,,,,,,,,,,,,,,,,,,,,,
11/16/2003,,,7,,,,,,,,,,,,,,,,,,,,,
11/16/2003,,,6.9,,,,,,,,,,,,,,,,,,,,,
11/16/2003,,,6.9,,,,,,,,,,,,,,,,,,,,,
11/16/2003,,,7,,,,,,,,,,,,,,,,,,,,,
11/16/2003,,,7.4,,,,,,,,,,,,,,,,,,,,,
11/16/2003,,,8,,,,,,,,,,,,,,,,,,,,,
11/16/2003,,,8.6,,,,,,,,,,,,,,,,,,,,,
11/16/2003,,,9,,,,,,,,,,,,,,,,,,,,,
11/16/2003,,,9,,,,,,,,,,,,,,,,,,,,,
11/16/2003,,,10,,,,,,,,,,,,,,,,,,,,,
11/16/2003,,,10,,,,,,,,,,,,,,,,,,,,,
11/16/2003,,,10,,,,,,,,,,,,,,,,,,,,,
11/16/2003,,,10,,,,,,,,,,,,,,,,,,,,,
11/16/2003,,,9,,,,,,,,,,,,,,,,,,,,,
11/16/2003,,,9,,,,,,,,,,,,,,,,,,,,,
11/16/2003,,,8,,,,,,,,,,,,,,,,,,,,,
11/16/2003,,,8,,,,,,,,,,,,,,,,,,,,,
11/16/2003,,,9,,,,,,,,,,,,,,,,,,,,,
11/16/2003,,,8,,,,,,,,,,,,,,,,,,,,,
11/16/2003,,,8,,,,,,,,,,,,,,,,,,,,,
11/17/2003,,,7,,,,,,,,,,,,,,,,,,,,,
11/17/2003,,,6,,,,,,,,,,,,,,,,,,,,,
11/17/2003,,,6.3,,,,,,,,,,,,,,,,,,,,,
11/17/2003,,,6.6,,,,,,,,,,,,,,,,,,,,,
11/17/2003,,,7.4,,,,,,,,,,,,,,,,,,,,,
11/17/2003,,,7.2,,,,,,,,,,,,,,,,,,,,,
11/17/2003,,,7,,,,,,,,,,,,,,,,,,,,,
11/17/2003,,,6.9,,,,,,,,,,,,,,,,,,,,,
11/17/2003,,,6.9,,,,,,,,,,,,,,,,,,,,,
11/17/2003,,,7,,,,,,,,,,,,,,,,,,,,,
11/17/2003,,,10,,,,,,,,,,,,,,,,,,,,,
11/17/2003,,,12,,,,,,,,,,,,,,,,,,,,,
11/17/2003,,,13,,,,,,,,,,,,,,,,,,,,,
11/17/2003,,,12,,,,,,,,,,,,,,,,,,,,,
11/17/2003,,,13,,,,,,,,,,,,,,,,,,,,,
11/17/2003,,,13,,,,,,,,,,,,,,,,,,,,,
11/17/2003,,,12,,,,,,,,,,,,,,,,,,,,,
11/17/2003,,,12,,,,,,,,,,,,,,,,,,,,,
11/17/2003,,,12,,,,,,,,,,,,,,,,,,,,,
11/17/2003,,,13,,,,,,,,,,,,,,,,,,,,,
11/17/2003,,,13,,,,,,,,,,,,,,,,,,,,,
11/17/2003,,,13,,,,,,,,,,,,,,,,,,,,,
11/17/2003,,,13,,,,,,,,,,,,,,,,,,,,,
11/17/2003,,,14,,,,,,,,,,,,,,,,,,,,,
11/18/2003,,,13,,,,,,,,,,,,,,,,,,,,,
11/18/2003,,,13,,,,,,,,,,,,,,,,,,,,,
11/18/2003,,,14,,,,,,,,,,,,,,,,,,,,,
11/18/2003,,,15,,,,,,,,,,,,,,,,,,,,,
11/18/2003,,,17,,,,,,,,,,,,,,,,,,,,,
11/18/2003,,,17,,,,,,,,,,,,,,,,,,,,,
11/18/2003,,,17,,,,,,,,,,,,,,,,,,,,,
11/18/2003,,,17,,,,,,,,,,,,,,,,,,,,,
11/18/2003,,,17,,,,,,,,,,,,,,,,,,,,,
11/18/2003,,,17,,,,,,,,,,,,,,,,,,,,,
11/18/2003,,,16,,,,,,,,,,,,,,,,,,,,,
11/18/2003,,,16,,,,,,,,,,,,,,,,,,,,,
11/18/2003,,,16,,,,,,,,,,,,,,,,,,,,,
11/18/2003,,,17,,,,,,,,,,,,,,,,,,,,,
11/18/2003,,,17,,,,,,,,,,,,,,,,,,,,,
11/18/2003,,,17,,,,,,,,,,,,,,,,,,,,,
11/18/2003,,,17,,,,,,,,,,,,,,,,,,,,,
11/18/2003,,,14,,,,,,,,,,,,,,,,,,,,,
11/18/2003,,,14,,,,,,,,,,,,,,,,,,,,,
11/18/2003,,,14,,,,,,,,,,,,,,,,,,,,,
11/18/2003,,,14,,,,,,,,,,,,,,,,,,,,,
11/18/2003,,,14,,,,,,,,,,,,,,,,,,,,,
11/18/2003,,,14,,,,,,,,,,,,,,,,,,,,,
11/18/2003,,,13,,,,,,,,,,,,,,,,,,,,,
11/19/2003,,,12,,,,,,,,,,,,,,,,,,,,,
11/19/2003,,,12,,,,,,,,,,,,,,,,,,,,,
11/19/2003,,,11,,,,,,,,,,,,,,,,,,,,,
11/19/2003,,,10,,,,,,,,,,,,,,,,,,,,,
11/19/2003,,,8,,,,,,,,,,,,,,,,,,,,,
11/19/2003,,,7,,,,,,,,,,,,,,,,,,,,,
11/19/2003,,,6,,,,,,,,,,,,,,,,,,,,,
11/19/2003,,,4,,,,,,,,,,,,,,,,,,,,,
11/19/2003,,,6,,,,,,,,,,,,,,,,,,,,,
11/19/2003,,,7,,,,,,,,,,,,,,,,,,,,,
11/19/2003,,,9,,,,,,,,,,,,,,,,,,,,,
11/19/2003,,,11,,,,,,,,,,,,,,,,,,,,,
11/19/2003,,,12,,,,,,,,,,,,,,,,,,,,,
11/19/2003,,,13,,,,,,,,,,,,,,,,,,,,,
11/19/2003,,,14,,,,,,,,,,,,,,,,,,,,,
11/19/2003,,,14,,,,,,,,,,,,,,,,,,,,,
11/19/2003,,,13,,,,,,,,,,,,,,,,,,,,,
11/19/2003,,,11,,,,,,,,,,,,,,,,,,,,,
11/19/2003,,,10,,,,,,,,,,,,,,,,,,,,,
11/19/2003,,,9,,,,,,,,,,,,,,,,,,,,,
11/19/2003,,,8,,,,,,,,,,,,,,,,,,,,,
11/19/2003,,,8,,,,,,,,,,,,,,,,,,,,,
11/19/2003,,,8,,,,,,,,,,,,,,,,,,,,,
11/19/2003,,,8,,,,,,,,,,,,,,,,,,,,,
11/20/2003,,,7,,,,,,,,,,,,,,,,,,,,,
11/20/2003,,,7,,,,,,,,,,,,,,,,,,,,,
11/20/2003,,,5,,,,,,,,,,,,,,,,,,,,,
11/20/2003,,,3,,,,,,,,,,,,,,,,,,,,,
11/20/2003,,,4,,,,,,,,,,,,,,,,,,,,,
11/20/2003,,,3,,,,,,,,,,,,,,,,,,,,,
11/20/2003,,,3,,,,,,,,,,,,,,,,,,,,,
11/20/2003,,,3,,,,,,,,,,,,,,,,,,,,,
11/20/2003,,,6,,,,,,,,,,,,,,,,,,,,,
11/20/2003,,,10,,,,,,,,,,,,,,,,,,,,,
11/20/2003,,,12,,,,,,,,,,,,,,,,,,,,,
11/20/2003,,,15,,,,,,,,,,,,,,,,,,,,,
11/20/2003,,,16,,,,,,,,,,,,,,,,,,,,,
11/20/2003,,,18,,,,,,,,,,,,,,,,,,,,,
11/20/2003,,,18,,,,,,,,,,,,,,,,,,,,,
11/20/2003,,,18,,,,,,,,,,,,,,,,,,,,,
11/20/2003,,,17,,,,,,,,,,,,,,,,,,,,,
11/20/2003,,,15,,,,,,,,,,,,,,,,,,,,,
11/20/2003,,,14,,,,,,,,,,,,,,,,,,,,,
11/20/2003,,,15,,,,,,,,,,,,,,,,,,,,,
11/20/2003,,,14,,,,,,,,,,,,,,,,,,,,,
11/20/2003,,,13,,,,,,,,,,,,,,,,,,,,,
11/20/2003,,,13,,,,,,,,,,,,,,,,,,,,,
11/20/2003,,,13,,,,,,,,,,,,,,,,,,,,,
11/21/2003,,,12,,,,,,,,,,,,,,,,,,,,,
11/21/2003,,,11,,,,,,,,,,,,,,,,,,,,,
11/21/2003,,,11,,,,,,,,,,,,,,,,,,,,,
11/21/2003,,,9,,,,,,,,,,,,,,,,,,,,,
11/21/2003,,,9,,,,,,,,,,,,,,,,,,,,,
11/21/2003,,,9,,,,,,,,,,,,,,,,,,,,,
11/21/2003,,,7,,,,,,,,,,,,,,,,,,,,,
11/21/2003,,,6,,,,,,,,,,,,,,,,,,,,,
11/21/2003,,,7,,,,,,,,,,,,,,,,,,,,,
11/21/2003,,,11,,,,,,,,,,,,,,,,,,,,,
11/21/2003,,,12,,,,,,,,,,,,,,,,,,,,,
11/21/2003,,,13,,,,,,,,,,,,,,,,,,,,,
11/21/2003,,,14,,,,,,,,,,,,,,,,,,,,,
11/21/2003,,,14,,,,,,,,,,,,,,,,,,,,,
11/21/2003,,,16,,,,,,,,,,,,,,,,,,,,,
11/21/2003,,,16,,,,,,,,,,,,,,,,,,,,,
11/21/2003,,,14,,,,,,,,,,,,,,,,,,,,,
11/21/2003,,,13,,,,,,,,,,,,,,,,,,,,,
11/21/2003,,,12,,,,,,,,,,,,,,,,,,,,,
11/21/2003,,,12,,,,,,,,,,,,,,,,,,,,,
11/21/2003,,,12,,,,,,,,,,,,,,,,,,,,,
11/21/2003,,,12,,,,,,,,,,,,,,,,,,,,,
11/21/2003,,,11,,,,,,,,,,,,,,,,,,,,,
11/21/2003,,,12,,,,,,,,,,,,,,,,,,,,,
11/22/2003,,,13,,,,,,,,,,,,,,,,,,,,,
11/22/2003,,,14,,,,,,,,,,,,,,,,,,,,,
11/22/2003,,,14,,,,,,,,,,,,,,,,,,,,,
11/22/2003,,,13,,,,,,,,,,,,,,,,,,,,,
11/22/2003,,,12,,,,,,,,,,,,,,,,,,,,,
11/22/2003,,,12,,,,,,,,,,,,,,,,,,,,,
11/22/2003,,,11,,,,,,,,,,,,,,,,,,,,,
11/22/2003,,,11,,,,,,,,,,,,,,,,,,,,,
11/22/2003,,,12,,,,,,,,,,,,,,,,,,,,,
11/22/2003,,,13,,,,,,,,,,,,,,,,,,,,,
11/22/2003,,,16,,,,,,,,,,,,,,,,,,,,,
11/22/2003,,,17,,,,,,,,,,,,,,,,,,,,,
11/22/2003,,,17,,,,,,,,,,,,,,,,,,,,,
11/22/2003,,,19,,,,,,,,,,,,,,,,,,,,,
11/22/2003,,,19,,,,,,,,,,,,,,,,,,,,,
11/22/2003,,,19,,,,,,,,,,,,,,,,,,,,,
11/22/2003,,,18,,,,,,,,,,,,,,,,,,,,,
11/22/2003,,,18,,,,,,,,,,,,,,,,,,,,,
11/22/2003,,,17,,,,,,,,,,,,,,,,,,,,,
11/22/2003,,,17,,,,,,,,,,,,,,,,,,,,,
11/22/2003,,,17,,,,,,,,,,,,,,,,,,,,,
11/22/2003,,,16,,,,,,,,,,,,,,,,,,,,,
11/22/2003,,,16,,,,,,,,,,,,,,,,,,,,,
11/22/2003,,,17,,,,,,,,,,,,,,,,,,,,,
11/23/2003,,,19,,,,,,,,,,,,,,,,,,,,,
11/23/2003,,,18,,,,,,,,,,,,,,,,,,,,,
11/23/2003,,,18,,,,,,,,,,,,,,,,,,,,,
11/23/2003,,,18,,,,,,,,,,,,,,,,,,,,,
11/23/2003,,,18,,,,,,,,,,,,,,,,,,,,,
11/23/2003,,,18,,,,,,,,,,,,,,,,,,,,,
11/23/2003,,,18,,,,,,,,,,,,,,,,,,,,,
11/23/2003,,,18,,,,,,,,,,,,,,,,,,,,,
11/23/2003,,,18,,,,,,,,,,,,,,,,,,,,,
11/23/2003,,,18,,,,,,,,,,,,,,,,,,,,,
11/23/2003,,,18.2,,,,,,,,,,,,,,,,,,,,,
11/23/2003,,,18.3,,,,,,,,,,,,,,,,,,,,,
11/23/2003,,,18,,,,,,,,,,,,,,,,,,,,,
11/23/2003,,,18,,,,,,,,,,,,,,,,,,,,,
11/23/2003,,,17,,,,,,,,,,,,,,,,,,,,,
11/23/2003,,,18,,,,,,,,,,,,,,,,,,,,,
11/23/2003,,,18,,,,,,,,,,,,,,,,,,,,,
11/23/2003,,,15,,,,,,,,,,,,,,,,,,,,,
11/23/2003,,,11,,,,,,,,,,,,,,,,,,,,,
11/23/2003,,,9,,,,,,,,,,,,,,,,,,,,,
11/23/2003,,,7,,,,,,,,,,,,,,,,,,,,,
11/23/2003,,,6,,,,,,,,,,,,,,,,,,,,,
11/23/2003,,,5,,,,,,,,,,,,,,,,,,,,,
11/23/2003,,,3,,,,,,,,,,,,,,,,,,,,,
11/24/2003,,,2,,,,,,,,,,,,,,,,,,,,,
11/24/2003,,,1,,,,,,,,,,,,,,,,,,,,,
11/24/2003,,,0,,,,,,,,,,,,,,,,,,,,,
11/24/2003,,,-1,,,,,,,,,,,,,,,,,,,,,
11/24/2003,,,-1,,,,,,,,,,,,,,,,,,,,,
11/24/2003,,,-2,,,,,,,,,,,,,,,,,,,,,
11/24/2003,,,-3,,,,,,,,,,,,,,,,,,,,,
11/24/2003,,,-3,,,,,,,,,,,,,,,,,,,,,
11/24/2003,,,-4,,,,,,,,,,,,,,,,,,,,,
11/24/2003,,,-4,,,,,,,,,,,,,,,,,,,,,
11/24/2003,,,-4,,,,,,,,,,,,,,,,,,,,,
11/24/2003,,,-4,,,,,,,,,,,,,,,,,,,,,
11/24/2003,,,-3,,,,,,,,,,,,,,,,,,,,,
11/24/2003,,,-3,,,,,,,,,,,,,,,,,,,,,
11/24/2003,,,-2,,,,,,,,,,,,,,,,,,,,,
11/24/2003,,,-1,,,,,,,,,,,,,,,,,,,,,
11/24/2003,,,-1,,,,,,,,,,,,,,,,,,,,,
11/24/2003,,,-2,,,,,,,,,,,,,,,,,,,,,
11/24/2003,,,-2,,,,,,,,,,,,,,,,,,,,,
11/24/2003,,,-2,,,,,,,,,,,,,,,,,,,,,
11/24/2003,,,-2,,,,,,,,,,,,,,,,,,,,,
11/24/2003,,,-2,,,,,,,,,,,,,,,,,,,,,
11/24/2003,,,-3,,,,,,,,,,,,,,,,,,,,,
11/24/2003,,,-3,,,,,,,,,,,,,,,,,,,,,
11/25/2003,,,-3,,,,,,,,,,,,,,,,,,,,,
11/25/2003,,,-4,,,,,,,,,,,,,,,,,,,,,
11/25/2003,,,-4,,,,,,,,,,,,,,,,,,,,,
11/25/2003,,,-4,,,,,,,,,,,,,,,,,,,,,
11/25/2003,,,-3,,,,,,,,,,,,,,,,,,,,,
11/25/2003,,,-3,,,,,,,,,,,,,,,,,,,,,
11/25/2003,,,-3,,,,,,,,,,,,,,,,,,,,,
11/25/2003,,,-2,,,,,,,,,,,,,,,,,,,,,
11/25/2003,,,-1,,,,,,,,,,,,,,,,,,,,,
11/25/2003,,,0,,,,,,,,,,,,,,,,,,,,,
11/25/2003,,,2,,,,,,,,,,,,,,,,,,,,,
11/25/2003,,,2,,,,,,,,,,,,,,,,,,,,,
11/25/2003,,,3,,,,,,,,,,,,,,,,,,,,,
11/25/2003,,,3,,,,,,,,,,,,,,,,,,,,,
11/25/2003,,,4,,,,,,,,,,,,,,,,,,,,,
11/25/2003,,,4,,,,,,,,,,,,,,,,,,,,,
11/25/2003,,,3,,,,,,,,,,,,,,,,,,,,,
11/25/2003,,,3,,,,,,,,,,,,,,,,,,,,,
11/25/2003,,,3,,,,,,,,,,,,,,,,,,,,,
11/25/2003,,,3,,,,,,,,,,,,,,,,,,,,,
11/25/2003,,,3,,,,,,,,,,,,,,,,,,,,,
11/25/2003,,,2,,,,,,,,,,,,,,,,,,,,,
11/25/2003,,,2,,,,,,,,,,,,,,,,,,,,,
11/25/2003,,,1,,,,,,,,,,,,,,,,,,,,,
11/26/2003,,,1,,,,,,,,,,,,,,,,,,,,,
11/26/2003,,,1,,,,,,,,,,,,,,,,,,,,,
11/26/2003,,,1,,,,,,,,,,,,,,,,,,,,,
11/26/2003,,,2,,,,,,,,,,,,,,,,,,,,,
11/26/2003,,,2.1,,,,,,,,,,,,,,,,,,,,,
11/26/2003,,,2,,,,,,,,,,,,,,,,,,,,,
11/26/2003,,,2,,,,,,,,,,,,,,,,,,,,,
11/26/2003,,,1,,,,,,,,,,,,,,,,,,,,,
11/26/2003,,,2,,,,,,,,,,,,,,,,,,,,,
11/26/2003,,,4,,,,,,,,,,,,,,,,,,,,,
11/26/2003,,,5,,,,,,,,,,,,,,,,,,,,,
11/26/2003,,,6,,,,,,,,,,,,,,,,,,,,,
11/26/2003,,,7,,,,,,,,,,,,,,,,,,,,,
11/26/2003,,,8,,,,,,,,,,,,,,,,,,,,,
11/26/2003,,,9,,,,,,,,,,,,,,,,,,,,,
11/26/2003,,,8.7,,,,,,,,,,,,,,,,,,,,,
11/26/2003,,,8,,,,,,,,,,,,,,,,,,,,,
11/26/2003,,,7,,,,,,,,,,,,,,,,,,,,,
11/26/2003,,,7,,,,,,,,,,,,,,,,,,,,,
11/26/2003,,,7,,,,,,,,,,,,,,,,,,,,,
11/26/2003,,,7,,,,,,,,,,,,,,,,,,,,,
11/26/2003,,,6,,,,,,,,,,,,,,,,,,,,,
11/26/2003,,,6,,,,,,,,,,,,,,,,,,,,,
11/26/2003,,,6,,,,,,,,,,,,,,,,,,,,,
11/27/2003,,,6,,,,,,,,,,,,,,,,,,,,,
11/27/2003,,,6,,,,,,,,,,,,,,,,,,,,,
11/27/2003,,,7,,,,,,,,,,,,,,,,,,,,,
11/27/2003,,,7,,,,,,,,,,,,,,,,,,,,,
11/27/2003,,,7,,,,,,,,,,,,,,,,,,,,,
11/27/2003,,,7,,,,,,,,,,,,,,,,,,,,,
11/27/2003,,,7,,,,,,,,,,,,,,,,,,,,,
11/27/2003,,,7,,,,,,,,,,,,,,,,,,,,,
11/27/2003,,,8,,,,,,,,,,,,,,,,,,,,,
11/27/2003,,,8,,,,,,,,,,,,,,,,,,,,,
11/27/2003,,,8,,,,,,,,,,,,,,,,,,,,,
11/27/2003,,,9,,,,,,,,,,,,,,,,,,,,,
11/27/2003,,,9,,,,,,,,,,,,,,,,,,,,,
11/27/2003,,,10,,,,,,,,,,,,,,,,,,,,,
11/27/2003,,,9,,,,,,,,,,,,,,,,,,,,,
11/27/2003,,,9,,,,,,,,,,,,,,,,,,,,,
11/27/2003,,,7,,,,,,,,,,,,,,,,,,,,,
11/27/2003,,,7,,,,,,,,,,,,,,,,,,,,,
11/27/2003,,,7,,,,,,,,,,,,,,,,,,,,,
11/27/2003,,,6,,,,,,,,,,,,,,,,,,,,,
11/27/2003,,,6,,,,,,,,,,,,,,,,,,,,,
11/27/2003,,,6,,,,,,,,,,,,,,,,,,,,,
11/27/2003,,,6,,,,,,,,,,,,,,,,,,,,,
11/27/2003,,,6,,,,,,,,,,,,,,,,,,,,,
11/28/2003,,,5,,,,,,,,,,,,,,,,,,,,,
11/28/2003,,,4,,,,,,,,,,,,,,,,,,,,,
11/28/2003,,,4,,,,,,,,,,,,,,,,,,,,,
11/28/2003,,,3,,,,,,,,,,,,,,,,,,,,,
11/28/2003,,,2,,,,,,,,,,,,,,,,,,,,,
11/28/2003,,,1,,,,,,,,,,,,,,,,,,,,,
11/28/2003,,,0,,,,,,,,,,,,,,,,,,,,,
11/28/2003,,,-1,,,,,,,,,,,,,,,,,,,,,
11/28/2003,,,-1,,,,,,,,,,,,,,,,,,,,,
11/28/2003,,,-1,,,,,,,,,,,,,,,,,,,,,
11/28/2003,,,-1,,,,,,,,,,,,,,,,,,,,,
11/28/2003,,,-1,,,,,,,,,,,,,,,,,,,,,
11/28/2003,,,-1,,,,,,,,,,,,,,,,,,,,,
11/28/2003,,,-1,,,,,,,,,,,,,,,,,,,,,
11/28/2003,,,-1,,,,,,,,,,,,,,,,,,,,,
11/28/2003,,,-1,,,,,,,,,,,,,,,,,,,,,
11/28/2003,,,-1,,,,,,,,,,,,,,,,,,,,,
11/28/2003,,,-2,,,,,,,,,,,,,,,,,,,,,
11/28/2003,,,-2,,,,,,,,,,,,,,,,,,,,,
11/28/2003,,,-2,,,,,,,,,,,,,,,,,,,,,
11/28/2003,,,-2,,,,,,,,,,,,,,,,,,,,,
11/28/2003,,,-2,,,,,,,,,,,,,,,,,,,,,
11/28/2003,,,-2,,,,,,,,,,,,,,,,,,,,,
11/28/2003,,,-2,,,,,,,,,,,,,,,,,,,,,
11/29/2003,,,-2,,,,,,,,,,,,,,,,,,,,,
11/29/2003,,,-2,,,,,,,,,,,,,,,,,,,,,
11/29/2003,,,-2,,,,,,,,,,,,,,,,,,,,,
11/29/2003,,,-2,,,,,,,,,,,,,,,,,,,,,
11/29/2003,,,-3,,,,,,,,,,,,,,,,,,,,,
11/29/2003,,,-3,,,,,,,,,,,,,,,,,,,,,
11/29/2003,,,-3,,,,,,,,,,,,,,,,,,,,,
11/29/2003,,,-3,,,,,,,,,,,,,,,,,,,,,
11/29/2003,,,-3,,,,,,,,,,,,,,,,,,,,,
11/29/2003,,,-2,,,,,,,,,,,,,,,,,,,,,
11/29/2003,,,-2,,,,,,,,,,,,,,,,,,,,,
11/29/2003,,,-2,,,,,,,,,,,,,,,,,,,,,
11/29/2003,,,-1,,,,,,,,,,,,,,,,,,,,,
11/29/2003,,,-1,,,,,,,,,,,,,,,,,,,,,
11/29/2003,,,1,,,,,,,,,,,,,,,,,,,,,
11/29/2003,,,2,,,,,,,,,,,,,,,,,,,,,
11/29/2003,,,2,,,,,,,,,,,,,,,,,,,,,
11/29/2003,,,2,,,,,,,,,,,,,,,,,,,,,
11/29/2003,,,2,,,,,,,,,,,,,,,,,,,,,
11/29/2003,,,2,,,,,,,,,,,,,,,,,,,,,
11/29/2003,,,2,,,,,,,,,,,,,,,,,,,,,
11/29/2003,,,3,,,,,,,,,,,,,,,,,,,,,
11/29/2003,,,3,,,,,,,,,,,,,,,,,,,,,
11/29/2003,,,3,,,,,,,,,,,,,,,,,,,,,
11/30/2003,,,3,,,,,,,,,,,,,,,,,,,,,
11/30/2003,,,3,,,,,,,,,,,,,,,,,,,,,
11/30/2003,,,3,,,,,,,,,,,,,,,,,,,,,
11/30/2003,,,3,,,,,,,,,,,,,,,,,,,,,
11/30/2003,,,3,,,,,,,,,,,,,,,,,,,,,
11/30/2003,,,3,,,,,,,,,,,,,,,,,,,,,
11/30/2003,,,2,,,,,,,,,,,,,,,,,,,,,
11/30/2003,,,2,,,,,,,,,,,,,,,,,,,,,
11/30/2003,,,3,,,,,,,,,,,,,,,,,,,,,
11/30/2003,,,6,,,,,,,,,,,,,,,,,,,,,
11/30/2003,,,8,,,,,,,,,,,,,,,,,,,,,
11/30/2003,,,9,,,,,,,,,,,,,,,,,,,,,
11/30/2003,,,10,,,,,,,,,,,,,,,,,,,,,
11/30/2003,,,11,,,,,,,,,,,,,,,,,,,,,
11/30/2003,,,12,,,,,,,,,,,,,,,,,,,,,
11/30/2003,,,12,,,,,,,,,,,,,,,,,,,,,
11/30/2003,,,11,,,,,,,,,,,,,,,,,,,,,
11/30/2003,,,9,,,,,,,,,,,,,,,,,,,,,
11/30/2003,,,8,,,,,,,,,,,,,,,,,,,,,
11/30/2003,,,8,,,,,,,,,,,,,,,,,,,,,
11/30/2003,,,7,,,,,,,,,,,,,,,,,,,,,
11/30/2003,,,6.2,,,,,,,,,,,,,,,,,,,,,
11/30/2003,,,5.3,,,,,,,,,,,,,,,,,,,,,
11/30/2003,,,4.5,,,,,,,,,,,,,,,,,,,,,
12/1/2000,,,3.6,,,,,,,,,,,,,,,,,,,,,
12/1/2000,,,2.8,,,,,,,,,,,,,,,,,,,,,
12/1/2000,,,1.9,,,,,,,,,,,,,,,,,,,,,
12/1/2000,,,1.1,,,,,,,,,,,,,,,,,,,,,
12/1/2000,,,1.7,,,,,,,,,,,,,,,,,,,,,
12/1/2000,,,1.1,,,,,,,,,,,,,,,,,,,,,
12/1/2000,,,1.7,,,,,,,,,,,,,,,,,,,,,
12/1/2000,,,1.1,,,,,,,,,,,,,,,,,,,,,
12/1/2000,,,1.7,,,,,,,,,,,,,,,,,,,,,
12/1/2000,,,1.1,,,,,,,,,,,,,,,,,,,,,
12/1/2000,,,1,,,,,,,,,,,,,,,,,,,,,
12/1/2000,,,0.6,,,,,,,,,,,,,,,,,,,,,
12/1/2000,,,0.6,,,,,,,,,,,,,,,,,,,,,
12/1/2000,,,0.6,,,,,,,,,,,,,,,,,,,,,
12/1/2000,,,0.6,,,,,,,,,,,,,,,,,,,,,
12/1/2000,,,1.1,,,,,,,,,,,,,,,,,,,,,
12/1/2000,,,0.6,,,,,,,,,,,,,,,,,,,,,
12/1/2000,,,0.6,,,,,,,,,,,,,,,,,,,,,
12/1/2000,,,1,,,,,,,,,,,,,,,,,,,,,
12/1/2000,,,0.6,,,,,,,,,,,,,,,,,,,,,
12/1/2000,,,0,,,,,,,,,,,,,,,,,,,,,
12/1/2000,,,0,,,,,,,,,,,,,,,,,,,,,
12/1/2000,,,-0.6,,,,,,,,,,,,,,,,,,,,,
12/1/2000,,,-1.1,,,,,,,,,,,,,,,,,,,,,
12/2/2000,,,-1.1,,,,,,,,,,,,,,,,,,,,,
12/2/2000,,,-1.7,,,,,,,,,,,,,,,,,,,,,
12/2/2000,,,-2.2,,,,,,,,,,,,,,,,,,,,,
12/2/2000,,,-2.2,,,,,,,,,,,,,,,,,,,,,
12/2/2000,,,-2.2,,,,,,,,,,,,,,,,,,,,,
12/2/2000,,,-2.8,,,,,,,,,,,,,,,,,,,,,
12/2/2000,,,-3.3,,,,,,,,,,,,,,,,,,,,,
12/2/2000,,,-3.3,,,,,,,,,,,,,,,,,,,,,
12/2/2000,,,-3.3,,,,,,,,,,,,,,,,,,,,,
12/2/2000,,,-3.3,,,,,,,,,,,,,,,,,,,,,
12/2/2000,,,-2.2,,,,,,,,,,,,,,,,,,,,,
12/2/2000,,,-1.7,,,,,,,,,,,,,,,,,,,,,
12/2/2000,,,-1.7,,,,,,,,,,,,,,,,,,,,,
12/2/2000,,,-0.6,,,,,,,,,,,,,,,,,,,,,
12/2/2000,,,-0.6,,,,,,,,,,,,,,,,,,,,,
12/2/2000,,,-0.6,,,,,,,,,,,,,,,,,,,,,
12/2/2000,,,-1.1,,,,,,,,,,,,,,,,,,,,,
12/2/2000,,,-1.7,,,,,,,,,,,,,,,,,,,,,
12/2/2000,,,-1.7,,,,,,,,,,,,,,,,,,,,,
12/2/2000,,,-1.7,,,,,,,,,,,,,,,,,,,,,
12/2/2000,,,-2.2,,,,,,,,,,,,,,,,,,,,,
12/2/2000,,,-3.3,,,,,,,,,,,,,,,,,,,,,
12/2/2000,,,-3.3,,,,,,,,,,,,,,,,,,,,,
12/2/2000,,,-3.9,,,,,,,,,,,,,,,,,,,,,
12/3/2000,,,-4.4,,,,,,,,,,,,,,,,,,,,,
12/3/2000,,,-5.6,,,,,,,,,,,,,,,,,,,,,
12/3/2000,,,-6.1,,,,,,,,,,,,,,,,,,,,,
12/3/2000,,,-6.1,,,,,,,,,,,,,,,,,,,,,
12/3/2000,,,-6.1,,,,,,,,,,,,,,,,,,,,,
12/3/2000,,,-6.7,,,,,,,,,,,,,,,,,,,,,
12/3/2000,,,-6.7,,,,,,,,,,,,,,,,,,,,,
12/3/2000,,,-7.8,,,,,,,,,,,,,,,,,,,,,
12/3/2000,,,-6.1,,,,,,,,,,,,,,,,,,,,,
12/3/2000,,,-3.3,,,,,,,,,,,,,,,,,,,,,
12/3/2000,,,-1.7,,,,,,,,,,,,,,,,,,,,,
12/3/2000,,,-1.1,,,,,,,,,,,,,,,,,,,,,
12/3/2000,,,0,,,,,,,,,,,,,,,,,,,,,
12/3/2000,,,0.6,,,,,,,,,,,,,,,,,,,,,
12/3/2000,,,1.1,,,,,,,,,,,,,,,,,,,,,
12/3/2000,,,1.1,,,,,,,,,,,,,,,,,,,,,
12/3/2000,,,-0.6,,,,,,,,,,,,,,,,,,,,,
12/3/2000,,,-2.2,,,,,,,,,,,,,,,,,,,,,
12/3/2000,,,-2.2,,,,,,,,,,,,,,,,,,,,,
12/3/2000,,,-3.3,,,,,,,,,,,,,,,,,,,,,
12/3/2000,,,-3.3,,,,,,,,,,,,,,,,,,,,,
12/3/2000,,,-3.3,,,,,,,,,,,,,,,,,,,,,
12/3/2000,,,-3.9,,,,,,,,,,,,,,,,,,,,,
12/3/2000,,,-5,,,,,,,,,,,,,,,,,,,,,
12/4/2000,,,-4.4,,,,,,,,,,,,,,,,,,,,,
12/4/2000,,,-5,,,,,,,,,,,,,,,,,,,,,
12/4/2000,,,-4.4,,,,,,,,,,,,,,,,,,,,,
12/4/2000,,,-3.3,,,,,,,,,,,,,,,,,,,,,
12/4/2000,,,-3.3,,,,,,,,,,,,,,,,,,,,,
12/4/2000,,,-3.3,,,,,,,,,,,,,,,,,,,,,
12/4/2000,,,-3.3,,,,,,,,,,,,,,,,,,,,,
12/4/2000,,,-2.8,,,,,,,,,,,,,,,,,,,,,
12/4/2000,,,-2.2,,,,,,,,,,,,,,,,,,,,,
12/4/2000,,,-1.1,,,,,,,,,,,,,,,,,,,,,
12/4/2000,,,-0.6,,,,,,,,,,,,,,,,,,,,,
12/4/2000,,,-0.6,,,,,,,,,,,,,,,,,,,,,
12/4/2000,,,0,,,,,,,,,,,,,,,,,,,,,
12/4/2000,,,0.6,,,,,,,,,,,,,,,,,,,,,
12/4/2000,,,1.1,,,,,,,,,,,,,,,,,,,,,
12/4/2000,,,1.7,,,,,,,,,,,,,,,,,,,,,
12/4/2000,,,1.1,,,,,,,,,,,,,,,,,,,,,
12/4/2000,,,1.1,,,,,,,,,,,,,,,,,,,,,
12/4/2000,,,0,,,,,,,,,,,,,,,,,,,,,
12/4/2000,,,0.6,,,,,,,,,,,,,,,,,,,,,
12/4/2000,,,1.1,,,,,,,,,,,,,,,,,,,,,
12/4/2000,,,1.1,,,,,,,,,,,,,,,,,,,,,
12/4/2000,,,1.7,,,,,,,,,,,,,,,,,,,,,
12/4/2000,,,2.2,,,,,,,,,,,,,,,,,,,,,
12/5/2000,,,1.7,,,,,,,,,,,,,,,,,,,,,
12/5/2000,,,2.2,,,,,,,,,,,,,,,,,,,,,
12/5/2000,,,2.2,,,,,,,,,,,,,,,,,,,,,
12/5/2000,,,-2.2,,,,,,,,,,,,,,,,,,,,,
12/5/2000,,,-4.4,,,,,,,,,,,,,,,,,,,,,
12/5/2000,,,-6.7,,,,,,,,,,,,,,,,,,,,,
12/5/2000,,,-7.2,,,,,,,,,,,,,,,,,,,,,
12/5/2000,,,-7.8,,,,,,,,,,,,,,,,,,,,,
12/5/2000,,,-7.8,,,,,,,,,,,,,,,,,,,,,
12/5/2000,,,-7.8,,,,,,,,,,,,,,,,,,,,,
12/5/2000,,,-7.2,,,,,,,,,,,,,,,,,,,,,
12/5/2000,,,-6.7,,,,,,,,,,,,,,,,,,,,,
12/5/2000,,,-5.6,,,,,,,,,,,,,,,,,,,,,
12/5/2000,,,-6.1,,,,,,,,,,,,,,,,,,,,,
12/5/2000,,,-6.1,,,,,,,,,,,,,,,,,,,,,
12/5/2000,,,-6.1,,,,,,,,,,,,,,,,,,,,,
12/5/2000,,,-7.2,,,,,,,,,,,,,,,,,,,,,
12/5/2000,,,-7.8,,,,,,,,,,,,,,,,,,,,,
12/5/2000,,,-7.8,,,,,,,,,,,,,,,,,,,,,
12/5/2000,,,-8.3,,,,,,,,,,,,,,,,,,,,,
12/5/2000,,,-9.4,,,,,,,,,,,,,,,,,,,,,
12/5/2000,,,-9.4,,,,,,,,,,,,,,,,,,,,,
12/5/2000,,,-10,,,,,,,,,,,,,,,,,,,,,
12/5/2000,,,-10,,,,,,,,,,,,,,,,,,,,,
12/6/2000,,,-10,,,,,,,,,,,,,,,,,,,,,
12/6/2000,,,-9.4,,,,,,,,,,,,,,,,,,,,,
12/6/2000,,,-9.4,,,,,,,,,,,,,,,,,,,,,
12/6/2000,,,-9.4,,,,,,,,,,,,,,,,,,,,,
12/6/2000,,,-9.4,,,,,,,,,,,,,,,,,,,,,
12/6/2000,,,-9.4,,,,,,,,,,,,,,,,,,,,,
12/6/2000,,,-9.4,,,,,,,,,,,,,,,,,,,,,
12/6/2000,,,-9.4,,,,,,,,,,,,,,,,,,,,,
12/6/2000,,,-8.9,,,,,,,,,,,,,,,,,,,,,
12/6/2000,,,-7.8,,,,,,,,,,,,,,,,,,,,,
12/6/2000,,,-6.7,,,,,,,,,,,,,,,,,,,,,
12/6/2000,,,-4.4,,,,,,,,,,,,,,,,,,,,,
12/6/2000,,,-5,,,,,,,,,,,,,,,,,,,,,
12/6/2000,,,-3.9,,,,,,,,,,,,,,,,,,,,,
12/6/2000,,,-3.9,,,,,,,,,,,,,,,,,,,,,
12/6/2000,,,-3.9,,,,,,,,,,,,,,,,,,,,,
12/6/2000,,,-4.4,,,,,,,,,,,,,,,,,,,,,
12/6/2000,,,-4.4,,,,,,,,,,,,,,,,,,,,,
12/6/2000,,,-4.4,,,,,,,,,,,,,,,,,,,,,
12/6/2000,,,-4.4,,,,,,,,,,,,,,,,,,,,,
12/6/2000,,,-4.4,,,,,,,,,,,,,,,,,,,,,
12/6/2000,,,-4.4,,,,,,,,,,,,,,,,,,,,,
12/6/2000,,,-3.9,,,,,,,,,,,,,,,,,,,,,
12/6/2000,,,-4.4,,,,,,,,,,,,,,,,,,,,,
12/7/2000,,,-4.4,,,,,,,,,,,,,,,,,,,,,
12/7/2000,,,-4.4,,,,,,,,,,,,,,,,,,,,,
12/7/2000,,,-4.4,,,,,,,,,,,,,,,,,,,,,
12/7/2000,,,-4.4,,,,,,,,,,,,,,,,,,,,,
12/7/2000,,,-4.4,,,,,,,,,,,,,,,,,,,,,
12/7/2000,,,-4.4,,,,,,,,,,,,,,,,,,,,,
12/7/2000,,,-4.4,,,,,,,,,,,,,,,,,,,,,
12/7/2000,,,-3.9,,,,,,,,,,,,,,,,,,,,,
12/7/2000,,,-3.3,,,,,,,,,,,,,,,,,,,,,
12/7/2000,,,-2.8,,,,,,,,,,,,,,,,,,,,,
12/7/2000,,,-1.7,,,,,,,,,,,,,,,,,,,,,
12/7/2000,,,-0.6,,,,,,,,,,,,,,,,,,,,,
12/7/2000,,,1.1,,,,,,,,,,,,,,,,,,,,,
12/7/2000,,,2.2,,,,,,,,,,,,,,,,,,,,,
12/7/2000,,,2.8,,,,,,,,,,,,,,,,,,,,,
12/7/2000,,,2.8,,,,,,,,,,,,,,,,,,,,,
12/7/2000,,,2.8,,,,,,,,,,,,,,,,,,,,,
12/7/2000,,,2.8,,,,,,,,,,,,,,,,,,,,,
12/7/2000,,,3.3,,,,,,,,,,,,,,,,,,,,,
12/7/2000,,,2.8,,,,,,,,,,,,,,,,,,,,,
12/7/2000,,,2.2,,,,,,,,,,,,,,,,,,,,,
12/7/2000,,,2.8,,,,,,,,,,,,,,,,,,,,,
12/7/2000,,,1.1,,,,,,,,,,,,,,,,,,,,,
12/7/2000,,,1.7,,,,,,,,,,,,,,,,,,,,,
12/8/2000,,,1.7,,,,,,,,,,,,,,,,,,,,,
12/8/2000,,,1.1,,,,,,,,,,,,,,,,,,,,,
12/8/2000,,,0.6,,,,,,,,,,,,,,,,,,,,,
12/8/2000,,,0,,,,,,,,,,,,,,,,,,,,,
12/8/2000,,,-0.6,,,,,,,,,,,,,,,,,,,,,
12/8/2000,,,-0.6,,,,,,,,,,,,,,,,,,,,,
12/8/2000,,,-1.1,,,,,,,,,,,,,,,,,,,,,
12/8/2000,,,-1.7,,,,,,,,,,,,,,,,,,,,,
12/8/2000,,,-1.7,,,,,,,,,,,,,,,,,,,,,
12/8/2000,,,-2.8,,,,,,,,,,,,,,,,,,,,,
12/8/2000,,,-3.9,,,,,,,,,,,,,,,,,,,,,
12/8/2000,,,-3.9,,,,,,,,,,,,,,,,,,,,,
12/8/2000,,,-2.8,,,,,,,,,,,,,,,,,,,,,
12/8/2000,,,-3.3,,,,,,,,,,,,,,,,,,,,,
12/8/2000,,,-2.2,,,,,,,,,,,,,,,,,,,,,
12/8/2000,,,-2.8,,,,,,,,,,,,,,,,,,,,,
12/8/2000,,,-3.9,,,,,,,,,,,,,,,,,,,,,
12/8/2000,,,-5.6,,,,,,,,,,,,,,,,,,,,,
12/8/2000,,,-6.1,,,,,,,,,,,,,,,,,,,,,
12/8/2000,,,-6.7,,,,,,,,,,,,,,,,,,,,,
12/8/2000,,,-7.8,,,,,,,,,,,,,,,,,,,,,
12/8/2000,,,-8.9,,,,,,,,,,,,,,,,,,,,,
12/8/2000,,,-8.9,,,,,,,,,,,,,,,,,,,,,
12/8/2000,,,-10,,,,,,,,,,,,,,,,,,,,,
12/9/2000,,,-9.4,,,,,,,,,,,,,,,,,,,,,
12/9/2000,,,-11.1,,,,,,,,,,,,,,,,,,,,,
12/9/2000,,,-10.6,,,,,,,,,,,,,,,,,,,,,
12/9/2000,,,-11.1,,,,,,,,,,,,,,,,,,,,,
12/9/2000,,,-11.1,,,,,,,,,,,,,,,,,,,,,
12/9/2000,,,-11.1,,,,,,,,,,,,,,,,,,,,,
12/9/2000,,,-11.1,,,,,,,,,,,,,,,,,,,,,
12/9/2000,,,-11.1,,,,,,,,,,,,,,,,,,,,,
12/9/2000,,,-10,,,,,,,,,,,,,,,,,,,,,
12/9/2000,,,-6.7,,,,,,,,,,,,,,,,,,,,,
12/9/2000,,,-4.4,,,,,,,,,,,,,,,,,,,,,
12/9/2000,,,-3.3,,,,,,,,,,,,,,,,,,,,,
12/9/2000,,,-1.7,,,,,,,,,,,,,,,,,,,,,
12/9/2000,,,0,,,,,,,,,,,,,,,,,,,,,
12/9/2000,,,0.6,,,,,,,,,,,,,,,,,,,,,
12/9/2000,,,0.6,,,,,,,,,,,,,,,,,,,,,
12/9/2000,,,0.6,,,,,,,,,,,,,,,,,,,,,
12/9/2000,,,0,,,,,,,,,,,,,,,,,,,,,
12/9/2000,,,0,,,,,,,,,,,,,,,,,,,,,
12/9/2000,,,0,,,,,,,,,,,,,,,,,,,,,
12/9/2000,,,-0.6,,,,,,,,,,,,,,,,,,,,,
12/9/2000,,,-0.6,,,,,,,,,,,,,,,,,,,,,
12/9/2000,,,0,,,,,,,,,,,,,,,,,,,,,
12/9/2000,,,0.6,,,,,,,,,,,,,,,,,,,,,
12/10/2000,,,0.6,,,,,,,,,,,,,,,,,,,,,
12/10/2000,,,0.6,,,,,,,,,,,,,,,,,,,,,
12/10/2000,,,0,,,,,,,,,,,,,,,,,,,,,
12/10/2000,,,0,,,,,,,,,,,,,,,,,,,,,
12/10/2000,,,1.1,,,,,,,,,,,,,,,,,,,,,
12/10/2000,,,1.1,,,,,,,,,,,,,,,,,,,,,
12/10/2000,,,1.7,,,,,,,,,,,,,,,,,,,,,
12/10/2000,,,2.2,,,,,,,,,,,,,,,,,,,,,
12/10/2000,,,2.2,,,,,,,,,,,,,,,,,,,,,
12/10/2000,,,2.2,,,,,,,,,,,,,,,,,,,,,
12/10/2000,,,2.2,,,,,,,,,,,,,,,,,,,,,
12/10/2000,,,2.8,,,,,,,,,,,,,,,,,,,,,
12/10/2000,,,2.8,,,,,,,,,,,,,,,,,,,,,
12/10/2000,,,3,,,,,,,,,,,,,,,,,,,,,
12/10/2000,,,3.3,,,,,,,,,,,,,,,,,,,,,
12/10/2000,,,2.8,,,,,,,,,,,,,,,,,,,,,
12/10/2000,,,2.2,,,,,,,,,,,,,,,,,,,,,
12/10/2000,,,2.2,,,,,,,,,,,,,,,,,,,,,
12/10/2000,,,1.7,,,,,,,,,,,,,,,,,,,,,
12/10/2000,,,0,,,,,,,,,,,,,,,,,,,,,
12/10/2000,,,0.6,,,,,,,,,,,,,,,,,,,,,
12/10/2000,,,0,,,,,,,,,,,,,,,,,,,,,
12/10/2000,,,0,,,,,,,,,,,,,,,,,,,,,
12/10/2000,,,0.6,,,,,,,,,,,,,,,,,,,,,
12/11/2000,,,0.6,,,,,,,,,,,,,,,,,,,,,
12/11/2000,,,1.1,,,,,,,,,,,,,,,,,,,,,
12/11/2000,,,0.6,,,,,,,,,,,,,,,,,,,,,
12/11/2000,,,0.6,,,,,,,,,,,,,,,,,,,,,
12/11/2000,,,1.1,,,,,,,,,,,,,,,,,,,,,
12/11/2000,,,1.1,,,,,,,,,,,,,,,,,,,,,
12/11/2000,,,0.6,,,,,,,,,,,,,,,,,,,,,
12/11/2000,,,1.1,,,,,,,,,,,,,,,,,,,,,
12/11/2000,,,1.1,,,,,,,,,,,,,,,,,,,,,
12/11/2000,,,1.7,,,,,,,,,,,,,,,,,,,,,
12/11/2000,,,1.7,,,,,,,,,,,,,,,,,,,,,
12/11/2000,,,2.8,,,,,,,,,,,,,,,,,,,,,
12/11/2000,,,2,,,,,,,,,,,,,,,,,,,,,
12/11/2000,,,2.2,,,,,,,,,,,,,,,,,,,,,
12/11/2000,,,1.7,,,,,,,,,,,,,,,,,,,,,
12/11/2000,,,2.2,,,,,,,,,,,,,,,,,,,,,
12/11/2000,,,2.2,,,,,,,,,,,,,,,,,,,,,
12/11/2000,,,1.7,,,,,,,,,,,,,,,,,,,,,
12/11/2000,,,1.1,,,,,,,,,,,,,,,,,,,,,
12/11/2000,,,0,,,,,,,,,,,,,,,,,,,,,
12/11/2000,,,-2.8,,,,,,,,,,,,,,,,,,,,,
12/11/2000,,,-5,,,,,,,,,,,,,,,,,,,,,
12/11/2000,,,-6,,,,,,,,,,,,,,,,,,,,,
12/11/2000,,,-6.1,,,,,,,,,,,,,,,,,,,,,
12/12/2000,,,-6.7,,,,,,,,,,,,,,,,,,,,,
12/12/2000,,,-7.2,,,,,,,,,,,,,,,,,,,,,
12/12/2000,,,-7.8,,,,,,,,,,,,,,,,,,,,,
12/12/2000,,,-8.9,,,,,,,,,,,,,,,,,,,,,
12/12/2000,,,-9.4,,,,,,,,,,,,,,,,,,,,,
12/12/2000,,,-10.6,,,,,,,,,,,,,,,,,,,,,
12/12/2000,,,-11.1,,,,,,,,,,,,,,,,,,,,,
12/12/2000,,,-12.8,,,,,,,,,,,,,,,,,,,,,
12/12/2000,,,-13.3,,,,,,,,,,,,,,,,,,,,,
12/12/2000,,,-13.3,,,,,,,,,,,,,,,,,,,,,
12/12/2000,,,-12.2,,,,,,,,,,,,,,,,,,,,,
12/12/2000,,,-11.7,,,,,,,,,,,,,,,,,,,,,
12/12/2000,,,-10.6,,,,,,,,,,,,,,,,,,,,,
12/12/2000,,,-10.6,,,,,,,,,,,,,,,,,,,,,
12/12/2000,,,-10.6,,,,,,,,,,,,,,,,,,,,,
12/12/2000,,,-10,,,,,,,,,,,,,,,,,,,,,
12/12/2000,,,-11.1,,,,,,,,,,,,,,,,,,,,,
12/12/2000,,,-12,,,,,,,,,,,,,,,,,,,,,
12/12/2000,,,-12.8,,,,,,,,,,,,,,,,,,,,,
12/12/2000,,,-13.3,,,,,,,,,,,,,,,,,,,,,
12/12/2000,,,-13.9,,,,,,,,,,,,,,,,,,,,,
12/12/2000,,,-13.9,,,,,,,,,,,,,,,,,,,,,
12/12/2000,,,-13.9,,,,,,,,,,,,,,,,,,,,,
12/12/2000,,,-14,,,,,,,,,,,,,,,,,,,,,
12/13/2000,,,-14.4,,,,,,,,,,,,,,,,,,,,,
12/13/2000,,,-14.4,,,,,,,,,,,,,,,,,,,,,
12/13/2000,,,-13.9,,,,,,,,,,,,,,,,,,,,,
12/13/2000,,,-12.2,,,,,,,,,,,,,,,,,,,,,
12/13/2000,,,-11.1,,,,,,,,,,,,,,,,,,,,,
12/13/2000,,,-10.6,,,,,,,,,,,,,,,,,,,,,
12/13/2000,,,-10.6,,,,,,,,,,,,,,,,,,,,,
12/13/2000,,,-10,,,,,,,,,,,,,,,,,,,,,
12/13/2000,,,-8.9,,,,,,,,,,,,,,,,,,,,,
12/13/2000,,,-7.8,,,,,,,,,,,,,,,,,,,,,
12/13/2000,,,-7,,,,,,,,,,,,,,,,,,,,,
12/13/2000,,,-6.7,,,,,,,,,,,,,,,,,,,,,
12/13/2000,,,-6.7,,,,,,,,,,,,,,,,,,,,,
12/13/2000,,,-6,,,,,,,,,,,,,,,,,,,,,
12/13/2000,,,-5.6,,,,,,,,,,,,,,,,,,,,,
12/13/2000,,,-5.6,,,,,,,,,,,,,,,,,,,,,
12/13/2000,,,-5,,,,,,,,,,,,,,,,,,,,,
12/13/2000,,,-5,,,,,,,,,,,,,,,,,,,,,
12/13/2000,,,-4.4,,,,,,,,,,,,,,,,,,,,,
12/13/2000,,,-3.9,,,,,,,,,,,,,,,,,,,,,
12/13/2000,,,-4,,,,,,,,,,,,,,,,,,,,,
12/13/2000,,,-4,,,,,,,,,,,,,,,,,,,,,
12/13/2000,,,-3.9,,,,,,,,,,,,,,,,,,,,,
12/13/2000,,,-4.4,,,,,,,,,,,,,,,,,,,,,
12/14/2000,,,-3.9,,,,,,,,,,,,,,,,,,,,,
12/14/2000,,,-4.4,,,,,,,,,,,,,,,,,,,,,
12/14/2000,,,-4.4,,,,,,,,,,,,,,,,,,,,,
12/14/2000,,,-4.4,,,,,,,,,,,,,,,,,,,,,
12/14/2000,,,-5.6,,,,,,,,,,,,,,,,,,,,,
12/14/2000,,,-5.6,,,,,,,,,,,,,,,,,,,,,
12/14/2000,,,-6.1,,,,,,,,,,,,,,,,,,,,,
12/14/2000,,,-6.1,,,,,,,,,,,,,,,,,,,,,
12/14/2000,,,-6.1,,,,,,,,,,,,,,,,,,,,,
12/14/2000,,,-6,,,,,,,,,,,,,,,,,,,,,
12/14/2000,,,-5,,,,,,,,,,,,,,,,,,,,,
12/14/2000,,,-5,,,,,,,,,,,,,,,,,,,,,
12/14/2000,,,-4.4,,,,,,,,,,,,,,,,,,,,,
12/14/2000,,,-4.4,,,,,,,,,,,,,,,,,,,,,
12/14/2000,,,-3.9,,,,,,,,,,,,,,,,,,,,,
12/14/2000,,,-4,,,,,,,,,,,,,,,,,,,,,
12/14/2000,,,-5,,,,,,,,,,,,,,,,,,,,,
12/14/2000,,,-6.7,,,,,,,,,,,,,,,,,,,,,
12/14/2000,,,-8.3,,,,,,,,,,,,,,,,,,,,,
12/14/2000,,,-8.3,,,,,,,,,,,,,,,,,,,,,
12/14/2000,,,-10,,,,,,,,,,,,,,,,,,,,,
12/14/2000,,,-11.1,,,,,,,,,,,,,,,,,,,,,
12/14/2000,,,-11,,,,,,,,,,,,,,,,,,,,,
12/14/2000,,,-13,,,,,,,,,,,,,,,,,,,,,
12/15/2000,,,-13.3,,,,,,,,,,,,,,,,,,,,,
12/15/2000,,,-13.9,,,,,,,,,,,,,,,,,,,,,
12/15/2000,,,-14.4,,,,,,,,,,,,,,,,,,,,,
12/15/2000,,,-11.7,,,,,,,,,,,,,,,,,,,,,
12/15/2000,,,-10,,,,,,,,,,,,,,,,,,,,,
12/15/2000,,,-7.8,,,,,,,,,,,,,,,,,,,,,
12/15/2000,,,-7.8,,,,,,,,,,,,,,,,,,,,,
12/15/2000,,,-6.7,,,,,,,,,,,,,,,,,,,,,
12/15/2000,,,-5,,,,,,,,,,,,,,,,,,,,,
12/15/2000,,,-5,,,,,,,,,,,,,,,,,,,,,
12/15/2000,,,-4.4,,,,,,,,,,,,,,,,,,,,,
12/15/2000,,,-3.3,,,,,,,,,,,,,,,,,,,,,
12/15/2000,,,-2.8,,,,,,,,,,,,,,,,,,,,,
12/15/2000,,,-2.2,,,,,,,,,,,,,,,,,,,,,
12/15/2000,,,-1.7,,,,,,,,,,,,,,,,,,,,,
12/15/2000,,,-1.1,,,,,,,,,,,,,,,,,,,,,
12/15/2000,,,-1,,,,,,,,,,,,,,,,,,,,,
12/15/2000,,,-1,,,,,,,,,,,,,,,,,,,,,
12/15/2000,,,-0.6,,,,,,,,,,,,,,,,,,,,,
12/15/2000,,,0,,,,,,,,,,,,,,,,,,,,,
12/15/2000,,,0.6,,,,,,,,,,,,,,,,,,,,,
12/15/2000,,,0.6,,,,,,,,,,,,,,,,,,,,,
12/15/2000,,,0.6,,,,,,,,,,,,,,,,,,,,,
12/15/2000,,,1.1,,,,,,,,,,,,,,,,,,,,,
12/16/2000,,,1.1,,,,,,,,,,,,,,,,,,,,,
12/16/2000,,,2,,,,,,,,,,,,,,,,,,,,,
12/16/2000,,,2.2,,,,,,,,,,,,,,,,,,,,,
12/16/2000,,,2.2,,,,,,,,,,,,,,,,,,,,,
12/16/2000,,,2.2,,,,,,,,,,,,,,,,,,,,,
12/16/2000,,,2.2,,,,,,,,,,,,,,,,,,,,,
12/16/2000,,,2.8,,,,,,,,,,,,,,,,,,,,,
12/16/2000,,,3,,,,,,,,,,,,,,,,,,,,,
12/16/2000,,,3.3,,,,,,,,,,,,,,,,,,,,,
12/16/2000,,,3.9,,,,,,,,,,,,,,,,,,,,,
12/16/2000,,,3.9,,,,,,,,,,,,,,,,,,,,,
12/16/2000,,,2.8,,,,,,,,,,,,,,,,,,,,,
12/16/2000,,,2.2,,,,,,,,,,,,,,,,,,,,,
12/16/2000,,,1.7,,,,,,,,,,,,,,,,,,,,,
12/16/2000,,,1.7,,,,,,,,,,,,,,,,,,,,,
12/16/2000,,,1.7,,,,,,,,,,,,,,,,,,,,,
12/16/2000,,,1.1,,,,,,,,,,,,,,,,,,,,,
12/16/2000,,,1.1,,,,,,,,,,,,,,,,,,,,,
12/16/2000,,,1.1,,,,,,,,,,,,,,,,,,,,,
12/16/2000,,,0.6,,,,,,,,,,,,,,,,,,,,,
12/16/2000,,,-2.8,,,,,,,,,,,,,,,,,,,,,
12/16/2000,,,-4.4,,,,,,,,,,,,,,,,,,,,,
12/16/2000,,,-6.7,,,,,,,,,,,,,,,,,,,,,
12/16/2000,,,-8,,,,,,,,,,,,,,,,,,,,,
12/17/2000,,,-9.4,,,,,,,,,,,,,,,,,,,,,
12/17/2000,,,-11,,,,,,,,,,,,,,,,,,,,,
12/17/2000,,,-11.7,,,,,,,,,,,,,,,,,,,,,
12/17/2000,,,-12.2,,,,,,,,,,,,,,,,,,,,,
12/17/2000,,,-12.8,,,,,,,,,,,,,,,,,,,,,
12/17/2000,,,-13.3,,,,,,,,,,,,,,,,,,,,,
12/17/2000,,,-13.3,,,,,,,,,,,,,,,,,,,,,
12/17/2000,,,-13.9,,,,,,,,,,,,,,,,,,,,,
12/17/2000,,,-14,,,,,,,,,,,,,,,,,,,,,
12/17/2000,,,-13.9,,,,,,,,,,,,,,,,,,,,,
12/17/2000,,,-13.9,,,,,,,,,,,,,,,,,,,,,
12/17/2000,,,-13.9,,,,,,,,,,,,,,,,,,,,,
12/17/2000,,,-14.4,,,,,,,,,,,,,,,,,,,,,
12/17/2000,,,-14,,,,,,,,,,,,,,,,,,,,,
12/17/2000,,,-14,,,,,,,,,,,,,,,,,,,,,
12/17/2000,,,-14.4,,,,,,,,,,,,,,,,,,,,,
12/17/2000,,,-15,,,,,,,,,,,,,,,,,,,,,
12/17/2000,,,-15,,,,,,,,,,,,,,,,,,,,,
12/17/2000,,,-15.6,,,,,,,,,,,,,,,,,,,,,
12/17/2000,,,-15.6,,,,,,,,,,,,,,,,,,,,,
12/17/2000,,,-15.6,,,,,,,,,,,,,,,,,,,,,
12/17/2000,,,-15.6,,,,,,,,,,,,,,,,,,,,,
12/17/2000,,,-15.6,,,,,,,,,,,,,,,,,,,,,
12/17/2000,,,-16.1,,,,,,,,,,,,,,,,,,,,,
12/18/2000,,,-15.6,,,,,,,,,,,,,,,,,,,,,
12/18/2000,,,-16.1,,,,,,,,,,,,,,,,,,,,,
12/18/2000,,,-16.1,,,,,,,,,,,,,,,,,,,,,
12/18/2000,,,-17.2,,,,,,,,,,,,,,,,,,,,,
12/18/2000,,,-17.2,,,,,,,,,,,,,,,,,,,,,
12/18/2000,,,-17.2,,,,,,,,,,,,,,,,,,,,,
12/18/2000,,,-16.7,,,,,,,,,,,,,,,,,,,,,
12/18/2000,,,-15.6,,,,,,,,,,,,,,,,,,,,,
12/18/2000,,,-14.4,,,,,,,,,,,,,,,,,,,,,
12/18/2000,,,-12.8,,,,,,,,,,,,,,,,,,,,,
12/18/2000,,,-10.6,,,,,,,,,,,,,,,,,,,,,
12/18/2000,,,-8.9,,,,,,,,,,,,,,,,,,,,,
12/18/2000,,,-8.3,,,,,,,,,,,,,,,,,,,,,
12/18/2000,,,-7.2,,,,,,,,,,,,,,,,,,,,,
12/18/2000,,,-7.2,,,,,,,,,,,,,,,,,,,,,
12/18/2000,,,-7.2,,,,,,,,,,,,,,,,,,,,,
12/18/2000,,,-7,,,,,,,,,,,,,,,,,,,,,
12/18/2000,,,-7.2,,,,,,,,,,,,,,,,,,,,,
12/18/2000,,,-6.7,,,,,,,,,,,,,,,,,,,,,
12/18/2000,,,-6.7,,,,,,,,,,,,,,,,,,,,,
12/18/2000,,,-6.1,,,,,,,,,,,,,,,,,,,,,
12/18/2000,,,-5.6,,,,,,,,,,,,,,,,,,,,,
12/18/2000,,,-6.1,,,,,,,,,,,,,,,,,,,,,
12/18/2000,,,-7.2,,,,,,,,,,,,,,,,,,,,,
12/19/2000,,,-9,,,,,,,,,,,,,,,,,,,,,
12/19/2000,,,-9.4,,,,,,,,,,,,,,,,,,,,,
12/19/2000,,,-11.7,,,,,,,,,,,,,,,,,,,,,
12/19/2000,,,-13.3,,,,,,,,,,,,,,,,,,,,,
12/19/2000,,,-13.9,,,,,,,,,,,,,,,,,,,,,
12/19/2000,,,-14.4,,,,,,,,,,,,,,,,,,,,,
12/19/2000,,,-15,,,,,,,,,,,,,,,,,,,,,
12/19/2000,,,-15.6,,,,,,,,,,,,,,,,,,,,,
12/19/2000,,,-15.6,,,,,,,,,,,,,,,,,,,,,
12/19/2000,,,-14,,,,,,,,,,,,,,,,,,,,,
12/19/2000,,,-13.3,,,,,,,,,,,,,,,,,,,,,
12/19/2000,,,-12,,,,,,,,,,,,,,,,,,,,,
12/19/2000,,,-10.6,,,,,,,,,,,,,,,,,,,,,
12/19/2000,,,-8.9,,,,,,,,,,,,,,,,,,,,,
12/19/2000,,,-7.8,,,,,,,,,,,,,,,,,,,,,
12/19/2000,,,-7.8,,,,,,,,,,,,,,,,,,,,,
12/19/2000,,,-7.8,,,,,,,,,,,,,,,,,,,,,
12/19/2000,,,-8.9,,,,,,,,,,,,,,,,,,,,,
12/19/2000,,,-10,,,,,,,,,,,,,,,,,,,,,
12/19/2000,,,-11.1,,,,,,,,,,,,,,,,,,,,,
12/19/2000,,,-12.8,,,,,,,,,,,,,,,,,,,,,
12/19/2000,,,-13.3,,,,,,,,,,,,,,,,,,,,,
12/19/2000,,,-13.9,,,,,,,,,,,,,,,,,,,,,
12/19/2000,,,-14.4,,,,,,,,,,,,,,,,,,,,,
12/20/2000,,,-15,,,,,,,,,,,,,,,,,,,,,
12/20/2000,,,-15.6,,,,,,,,,,,,,,,,,,,,,
12/20/2000,,,-16.7,,,,,,,,,,,,,,,,,,,,,
12/20/2000,,,-17.2,,,,,,,,,,,,,,,,,,,,,
12/20/2000,,,-17.2,,,,,,,,,,,,,,,,,,,,,
12/20/2000,,,-18.3,,,,,,,,,,,,,,,,,,,,,
12/20/2000,,,-18.3,,,,,,,,,,,,,,,,,,,,,
12/20/2000,,,-19.4,,,,,,,,,,,,,,,,,,,,,
12/20/2000,,,-18.3,,,,,,,,,,,,,,,,,,,,,
12/20/2000,,,-16.7,,,,,,,,,,,,,,,,,,,,,
12/20/2000,,,-15.6,,,,,,,,,,,,,,,,,,,,,
12/20/2000,,,-13.3,,,,,,,,,,,,,,,,,,,,,
12/20/2000,,,-11.7,,,,,,,,,,,,,,,,,,,,,
12/20/2000,,,-10,,,,,,,,,,,,,,,,,,,,,
12/20/2000,,,-9.4,,,,,,,,,,,,,,,,,,,,,
12/20/2000,,,-8.9,,,,,,,,,,,,,,,,,,,,,
12/20/2000,,,-8.9,,,,,,,,,,,,,,,,,,,,,
12/20/2000,,,-7.8,,,,,,,,,,,,,,,,,,,,,
12/20/2000,,,-7.2,,,,,,,,,,,,,,,,,,,,,
12/20/2000,,,-7.2,,,,,,,,,,,,,,,,,,,,,
12/20/2000,,,-6.7,,,,,,,,,,,,,,,,,,,,,
12/20/2000,,,-6.7,,,,,,,,,,,,,,,,,,,,,
12/20/2000,,,-6.7,,,,,,,,,,,,,,,,,,,,,
12/20/2000,,,-6.7,,,,,,,,,,,,,,,,,,,,,
12/21/2000,,,-6.7,,,,,,,,,,,,,,,,,,,,,
12/21/2000,,,-7,,,,,,,,,,,,,,,,,,,,,
12/21/2000,,,-6.7,,,,,,,,,,,,,,,,,,,,,
12/21/2000,,,-6.1,,,,,,,,,,,,,,,,,,,,,
12/21/2000,,,-5.6,,,,,,,,,,,,,,,,,,,,,
12/21/2000,,,-5,,,,,,,,,,,,,,,,,,,,,
12/21/2000,,,-5,,,,,,,,,,,,,,,,,,,,,
12/21/2000,,,-6.1,,,,,,,,,,,,,,,,,,,,,
12/21/2000,,,-6.7,,,,,,,,,,,,,,,,,,,,,
12/21/2000,,,-10,,,,,,,,,,,,,,,,,,,,,
12/21/2000,,,-11.7,,,,,,,,,,,,,,,,,,,,,
12/21/2000,,,-12.2,,,,,,,,,,,,,,,,,,,,,
12/21/2000,,,-13.3,,,,,,,,,,,,,,,,,,,,,
12/21/2000,,,-13.9,,,,,,,,,,,,,,,,,,,,,
12/21/2000,,,-14.4,,,,,,,,,,,,,,,,,,,,,
12/21/2000,,,-14.4,,,,,,,,,,,,,,,,,,,,,
12/21/2000,,,-14.4,,,,,,,,,,,,,,,,,,,,,
12/21/2000,,,-15,,,,,,,,,,,,,,,,,,,,,
12/21/2000,,,-15,,,,,,,,,,,,,,,,,,,,,
12/21/2000,,,-15,,,,,,,,,,,,,,,,,,,,,
12/21/2000,,,-15,,,,,,,,,,,,,,,,,,,,,
12/21/2000,,,-16.1,,,,,,,,,,,,,,,,,,,,,
12/21/2000,,,-16.1,,,,,,,,,,,,,,,,,,,,,
12/21/2000,,,-16.1,,,,,,,,,,,,,,,,,,,,,
12/22/2000,,,-16.1,,,,,,,,,,,,,,,,,,,,,
12/22/2000,,,-16.7,,,,,,,,,,,,,,,,,,,,,
12/22/2000,,,-16.7,,,,,,,,,,,,,,,,,,,,,
12/22/2000,,,-17.8,,,,,,,,,,,,,,,,,,,,,
12/22/2000,,,-17.8,,,,,,,,,,,,,,,,,,,,,
12/22/2000,,,-18.9,,,,,,,,,,,,,,,,,,,,,
12/22/2000,,,-19.4,,,,,,,,,,,,,,,,,,,,,
12/22/2000,,,-19.4,,,,,,,,,,,,,,,,,,,,,
12/22/2000,,,-19.4,,,,,,,,,,,,,,,,,,,,,
12/22/2000,,,-18.9,,,,,,,,,,,,,,,,,,,,,
12/22/2000,,,-18.3,,,,,,,,,,,,,,,,,,,,,
12/22/2000,,,-17.2,,,,,,,,,,,,,,,,,,,,,
12/22/2000,,,-16.7,,,,,,,,,,,,,,,,,,,,,
12/22/2000,,,-15.6,,,,,,,,,,,,,,,,,,,,,
12/22/2000,,,-15,,,,,,,,,,,,,,,,,,,,,
12/22/2000,,,-15,,,,,,,,,,,,,,,,,,,,,
12/22/2000,,,-14.4,,,,,,,,,,,,,,,,,,,,,
12/22/2000,,,-15.6,,,,,,,,,,,,,,,,,,,,,
12/22/2000,,,-16.1,,,,,,,,,,,,,,,,,,,,,
12/22/2000,,,-16.7,,,,,,,,,,,,,,,,,,,,,
12/22/2000,,,-17.8,,,,,,,,,,,,,,,,,,,,,
12/22/2000,,,-17.8,,,,,,,,,,,,,,,,,,,,,
12/22/2000,,,-18.3,,,,,,,,,,,,,,,,,,,,,
12/22/2000,,,-20.6,,,,,,,,,,,,,,,,,,,,,
12/23/2000,,,-21.1,,,,,,,,,,,,,,,,,,,,,
12/23/2000,,,-20.6,,,,,,,,,,,,,,,,,,,,,
12/23/2000,,,-17.2,,,,,,,,,,,,,,,,,,,,,
12/23/2000,,,-16.1,,,,,,,,,,,,,,,,,,,,,
12/23/2000,,,-15.6,,,,,,,,,,,,,,,,,,,,,
12/23/2000,,,-15,,,,,,,,,,,,,,,,,,,,,
12/23/2000,,,-14.4,,,,,,,,,,,,,,,,,,,,,
12/23/2000,,,-13.9,,,,,,,,,,,,,,,,,,,,,
12/23/2000,,,-12.8,,,,,,,,,,,,,,,,,,,,,
12/23/2000,,,-11.7,,,,,,,,,,,,,,,,,,,,,
12/23/2000,,,-9.4,,,,,,,,,,,,,,,,,,,,,
12/23/2000,,,-7.8,,,,,,,,,,,,,,,,,,,,,
12/23/2000,,,-7.2,,,,,,,,,,,,,,,,,,,,,
12/23/2000,,,-6.7,,,,,,,,,,,,,,,,,,,,,
12/23/2000,,,-5.6,,,,,,,,,,,,,,,,,,,,,
12/23/2000,,,-5.6,,,,,,,,,,,,,,,,,,,,,
12/23/2000,,,-5,,,,,,,,,,,,,,,,,,,,,
12/23/2000,,,-5,,,,,,,,,,,,,,,,,,,,,
12/23/2000,,,-5,,,,,,,,,,,,,,,,,,,,,
12/23/2000,,,-5,,,,,,,,,,,,,,,,,,,,,
12/23/2000,,,-5,,,,,,,,,,,,,,,,,,,,,
12/23/2000,,,-4.4,,,,,,,,,,,,,,,,,,,,,
12/23/2000,,,-4.4,,,,,,,,,,,,,,,,,,,,,
12/23/2000,,,-4.4,,,,,,,,,,,,,,,,,,,,,
12/24/2000,,,-6.1,,,,,,,,,,,,,,,,,,,,,
12/24/2000,,,-9,,,,,,,,,,,,,,,,,,,,,
12/24/2000,,,-11.7,,,,,,,,,,,,,,,,,,,,,
12/24/2000,,,-13.3,,,,,,,,,,,,,,,,,,,,,
12/24/2000,,,-14.4,,,,,,,,,,,,,,,,,,,,,
12/24/2000,,,-16.1,,,,,,,,,,,,,,,,,,,,,
12/24/2000,,,-16.7,,,,,,,,,,,,,,,,,,,,,
12/24/2000,,,-17.2,,,,,,,,,,,,,,,,,,,,,
12/24/2000,,,-17.8,,,,,,,,,,,,,,,,,,,,,
12/24/2000,,,-17.2,,,,,,,,,,,,,,,,,,,,,
12/24/2000,,,-16.7,,,,,,,,,,,,,,,,,,,,,
12/24/2000,,,-16.1,,,,,,,,,,,,,,,,,,,,,
12/24/2000,,,-15.6,,,,,,,,,,,,,,,,,,,,,
12/24/2000,,,-15.6,,,,,,,,,,,,,,,,,,,,,
12/24/2000,,,-15.6,,,,,,,,,,,,,,,,,,,,,
12/24/2000,,,-15.6,,,,,,,,,,,,,,,,,,,,,
12/24/2000,,,-16.7,,,,,,,,,,,,,,,,,,,,,
12/24/2000,,,-17.2,,,,,,,,,,,,,,,,,,,,,
12/24/2000,,,-17.8,,,,,,,,,,,,,,,,,,,,,
12/24/2000,,,-18.3,,,,,,,,,,,,,,,,,,,,,
12/24/2000,,,-18.9,,,,,,,,,,,,,,,,,,,,,
12/24/2000,,,-18.9,,,,,,,,,,,,,,,,,,,,,
12/24/2000,,,-19.4,,,,,,,,,,,,,,,,,,,,,
12/24/2000,,,-20.6,,,,,,,,,,,,,,,,,,,,,
12/25/2000,,,-21.7,,,,,,,,,,,,,,,,,,,,,
12/25/2000,,,-21.1,,,,,,,,,,,,,,,,,,,,,
12/25/2000,,,-22.8,,,,,,,,,,,,,,,,,,,,,
12/25/2000,,,-23.3,,,,,,,,,,,,,,,,,,,,,
12/25/2000,,,-22.8,,,,,,,,,,,,,,,,,,,,,
12/25/2000,,,-23.3,,,,,,,,,,,,,,,,,,,,,
12/25/2000,,,-22.8,,,,,,,,,,,,,,,,,,,,,
12/25/2000,,,-23.3,,,,,,,,,,,,,,,,,,,,,
12/25/2000,,,-22.2,,,,,,,,,,,,,,,,,,,,,
12/25/2000,,,-21.1,,,,,,,,,,,,,,,,,,,,,
12/25/2000,,,-17.8,,,,,,,,,,,,,,,,,,,,,
12/25/2000,,,-15.6,,,,,,,,,,,,,,,,,,,,,
12/25/2000,,,-15,,,,,,,,,,,,,,,,,,,,,
12/25/2000,,,-12.2,,,,,,,,,,,,,,,,,,,,,
12/25/2000,,,-11.1,,,,,,,,,,,,,,,,,,,,,
12/25/2000,,,-11.7,,,,,,,,,,,,,,,,,,,,,
12/25/2000,,,-12.8,,,,,,,,,,,,,,,,,,,,,
12/25/2000,,,-13.9,,,,,,,,,,,,,,,,,,,,,
12/25/2000,,,-15.6,,,,,,,,,,,,,,,,,,,,,
12/25/2000,,,-16.1,,,,,,,,,,,,,,,,,,,,,
12/25/2000,,,-17.2,,,,,,,,,,,,,,,,,,,,,
12/25/2000,,,-16.7,,,,,,,,,,,,,,,,,,,,,
12/25/2000,,,-17.8,,,,,,,,,,,,,,,,,,,,,
12/25/2000,,,-17.8,,,,,,,,,,,,,,,,,,,,,
12/26/2000,,,-18,,,,,,,,,,,,,,,,,,,,,
12/26/2000,,,-17.8,,,,,,,,,,,,,,,,,,,,,
12/26/2000,,,-16.7,,,,,,,,,,,,,,,,,,,,,
12/26/2000,,,-17,,,,,,,,,,,,,,,,,,,,,
12/26/2000,,,-16.1,,,,,,,,,,,,,,,,,,,,,
12/26/2000,,,-16.7,,,,,,,,,,,,,,,,,,,,,
12/26/2000,,,-15,,,,,,,,,,,,,,,,,,,,,
12/26/2000,,,-15,,,,,,,,,,,,,,,,,,,,,
12/26/2000,,,-13.9,,,,,,,,,,,,,,,,,,,,,
12/26/2000,,,-12,,,,,,,,,,,,,,,,,,,,,
12/26/2000,,,-11.1,,,,,,,,,,,,,,,,,,,,,
12/26/2000,,,-9,,,,,,,,,,,,,,,,,,,,,
12/26/2000,,,-7.8,,,,,,,,,,,,,,,,,,,,,
12/26/2000,,,-7.2,,,,,,,,,,,,,,,,,,,,,
12/26/2000,,,-7.2,,,,,,,,,,,,,,,,,,,,,
12/26/2000,,,-7.2,,,,,,,,,,,,,,,,,,,,,
12/26/2000,,,-7.2,,,,,,,,,,,,,,,,,,,,,
12/26/2000,,,-7.8,,,,,,,,,,,,,,,,,,,,,
12/26/2000,,,-7.2,,,,,,,,,,,,,,,,,,,,,
12/26/2000,,,-7.2,,,,,,,,,,,,,,,,,,,,,
12/26/2000,,,-7.2,,,,,,,,,,,,,,,,,,,,,
12/26/2000,,,-7.8,,,,,,,,,,,,,,,,,,,,,
12/26/2000,,,-7.2,,,,,,,,,,,,,,,,,,,,,
12/26/2000,,,-7.2,,,,,,,,,,,,,,,,,,,,,
12/27/2000,,,-7.2,,,,,,,,,,,,,,,,,,,,,
12/27/2000,,,-7.2,,,,,,,,,,,,,,,,,,,,,
12/27/2000,,,-7.2,,,,,,,,,,,,,,,,,,,,,
12/27/2000,,,-7.2,,,,,,,,,,,,,,,,,,,,,
12/27/2000,,,-6.7,,,,,,,,,,,,,,,,,,,,,
12/27/2000,,,-6.7,,,,,,,,,,,,,,,,,,,,,
12/27/2000,,,-6.7,,,,,,,,,,,,,,,,,,,,,
12/27/2000,,,-6.7,,,,,,,,,,,,,,,,,,,,,
12/27/2000,,,-7.2,,,,,,,,,,,,,,,,,,,,,
12/27/2000,,,-7.2,,,,,,,,,,,,,,,,,,,,,
12/27/2000,,,-7.8,,,,,,,,,,,,,,,,,,,,,
12/27/2000,,,-7.8,,,,,,,,,,,,,,,,,,,,,
12/27/2000,,,-7.8,,,,,,,,,,,,,,,,,,,,,
12/27/2000,,,-7.8,,,,,,,,,,,,,,,,,,,,,
12/27/2000,,,-7.8,,,,,,,,,,,,,,,,,,,,,
12/27/2000,,,-7.8,,,,,,,,,,,,,,,,,,,,,
12/27/2000,,,-7.8,,,,,,,,,,,,,,,,,,,,,
12/27/2000,,,-8.3,,,,,,,,,,,,,,,,,,,,,
12/27/2000,,,-8.3,,,,,,,,,,,,,,,,,,,,,
12/27/2000,,,-8.3,,,,,,,,,,,,,,,,,,,,,
12/27/2000,,,-10.6,,,,,,,,,,,,,,,,,,,,,
12/27/2000,,,-9.4,,,,,,,,,,,,,,,,,,,,,
12/27/2000,,,-9.4,,,,,,,,,,,,,,,,,,,,,
12/27/2000,,,-12.2,,,,,,,,,,,,,,,,,,,,,
12/28/2000,,,-11,,,,,,,,,,,,,,,,,,,,,
12/28/2000,,,-12.2,,,,,,,,,,,,,,,,,,,,,
12/28/2000,,,-14.4,,,,,,,,,,,,,,,,,,,,,
12/28/2000,,,-16.1,,,,,,,,,,,,,,,,,,,,,
12/28/2000,,,-16.1,,,,,,,,,,,,,,,,,,,,,
12/28/2000,,,-16.7,,,,,,,,,,,,,,,,,,,,,
12/28/2000,,,-17.2,,,,,,,,,,,,,,,,,,,,,
12/28/2000,,,-17.2,,,,,,,,,,,,,,,,,,,,,
12/28/2000,,,-17.8,,,,,,,,,,,,,,,,,,,,,
12/28/2000,,,-16.1,,,,,,,,,,,,,,,,,,,,,
12/28/2000,,,-12.8,,,,,,,,,,,,,,,,,,,,,
12/28/2000,,,-10.6,,,,,,,,,,,,,,,,,,,,,
12/28/2000,,,-10,,,,,,,,,,,,,,,,,,,,,
12/28/2000,,,-8.9,,,,,,,,,,,,,,,,,,,,,
12/28/2000,,,-9.4,,,,,,,,,,,,,,,,,,,,,
12/28/2000,,,-10,,,,,,,,,,,,,,,,,,,,,
12/28/2000,,,-9.4,,,,,,,,,,,,,,,,,,,,,
12/28/2000,,,-10,,,,,,,,,,,,,,,,,,,,,
12/28/2000,,,-10,,,,,,,,,,,,,,,,,,,,,
12/28/2000,,,-10,,,,,,,,,,,,,,,,,,,,,
12/28/2000,,,-10,,,,,,,,,,,,,,,,,,,,,
12/28/2000,,,-10.6,,,,,,,,,,,,,,,,,,,,,
12/28/2000,,,-10.6,,,,,,,,,,,,,,,,,,,,,
12/28/2000,,,-10,,,,,,,,,,,,,,,,,,,,,
12/29/2000,,,-10,,,,,,,,,,,,,,,,,,,,,
12/29/2000,,,-10,,,,,,,,,,,,,,,,,,,,,
12/29/2000,,,-9.4,,,,,,,,,,,,,,,,,,,,,
12/29/2000,,,-9.4,,,,,,,,,,,,,,,,,,,,,
12/29/2000,,,-9.4,,,,,,,,,,,,,,,,,,,,,
12/29/2000,,,-9.4,,,,,,,,,,,,,,,,,,,,,
12/29/2000,,,-9.4,,,,,,,,,,,,,,,,,,,,,
12/29/2000,,,-9.4,,,,,,,,,,,,,,,,,,,,,
12/29/2000,,,-9.4,,,,,,,,,,,,,,,,,,,,,
12/29/2000,,,-9.4,,,,,,,,,,,,,,,,,,,,,
12/29/2000,,,-9.4,,,,,,,,,,,,,,,,,,,,,
12/29/2000,,,-9.4,,,,,,,,,,,,,,,,,,,,,
12/29/2000,,,-8.9,,,,,,,,,,,,,,,,,,,,,
12/29/2000,,,-8.3,,,,,,,,,,,,,,,,,,,,,
12/29/2000,,,-8.3,,,,,,,,,,,,,,,,,,,,,
12/29/2000,,,-8.9,,,,,,,,,,,,,,,,,,,,,
12/29/2000,,,-8.9,,,,,,,,,,,,,,,,,,,,,
12/29/2000,,,-9.4,,,,,,,,,,,,,,,,,,,,,
12/29/2000,,,-9.4,,,,,,,,,,,,,,,,,,,,,
12/29/2000,,,-9.4,,,,,,,,,,,,,,,,,,,,,
12/29/2000,,,-10,,,,,,,,,,,,,,,,,,,,,
12/29/2000,,,-11.1,,,,,,,,,,,,,,,,,,,,,
12/29/2000,,,-11.7,,,,,,,,,,,,,,,,,,,,,
12/29/2000,,,-12.2,,,,,,,,,,,,,,,,,,,,,
12/30/2000,,,-12.8,,,,,,,,,,,,,,,,,,,,,
12/30/2000,,,-12.8,,,,,,,,,,,,,,,,,,,,,
12/30/2000,,,-11.7,,,,,,,,,,,,,,,,,,,,,
12/30/2000,,,-12,,,,,,,,,,,,,,,,,,,,,
12/30/2000,,,-11.7,,,,,,,,,,,,,,,,,,,,,
12/30/2000,,,-11.1,,,,,,,,,,,,,,,,,,,,,
12/30/2000,,,-11.1,,,,,,,,,,,,,,,,,,,,,
12/30/2000,,,-10,,,,,,,,,,,,,,,,,,,,,
12/30/2000,,,-9.4,,,,,,,,,,,,,,,,,,,,,
12/30/2000,,,-8.3,,,,,,,,,,,,,,,,,,,,,
12/30/2000,,,-4.4,,,,,,,,,,,,,,,,,,,,,
12/30/2000,,,-4.4,,,,,,,,,,,,,,,,,,,,,
12/30/2000,,,-4.4,,,,,,,,,,,,,,,,,,,,,
12/30/2000,,,-4.4,,,,,,,,,,,,,,,,,,,,,
12/30/2000,,,-3.9,,,,,,,,,,,,,,,,,,,,,
12/30/2000,,,-4.4,,,,,,,,,,,,,,,,,,,,,
12/30/2000,,,-3.9,,,,,,,,,,,,,,,,,,,,,
12/30/2000,,,-3.9,,,,,,,,,,,,,,,,,,,,,
12/30/2000,,,-3.3,,,,,,,,,,,,,,,,,,,,,
12/30/2000,,,-2.8,,,,,,,,,,,,,,,,,,,,,
12/30/2000,,,-3.3,,,,,,,,,,,,,,,,,,,,,
12/30/2000,,,-3.3,,,,,,,,,,,,,,,,,,,,,
12/30/2000,,,-3.3,,,,,,,,,,,,,,,,,,,,,
12/30/2000,,,-4.4,,,,,,,,,,,,,,,,,,,,,
12/31/2000,,,-5.6,,,,,,,,,,,,,,,,,,,,,
12/31/2000,,,-4,,,,,,,,,,,,,,,,,,,,,
12/31/2000,,,-4.4,,,,,,,,,,,,,,,,,,,,,
12/31/2000,,,-4.4,,,,,,,,,,,,,,,,,,,,,
12/31/2000,,,-4,,,,,,,,,,,,,,,,,,,,,
12/31/2000,,,-3.9,,,,,,,,,,,,,,,,,,,,,
12/31/2000,,,-5,,,,,,,,,,,,,,,,,,,,,
12/31/2000,,,-7.2,,,,,,,,,,,,,,,,,,,,,
12/31/2000,,,-6.1,,,,,,,,,,,,,,,,,,,,,
12/31/2000,,,-7.2,,,,,,,,,,,,,,,,,,,,,
12/31/2000,,,-6.7,,,,,,,,,,,,,,,,,,,,,
12/31/2000,,,-5.6,,,,,,,,,,,,,,,,,,,,,
12/31/2000,,,-5,,,,,,,,,,,,,,,,,,,,,
12/31/2000,,,-3.9,,,,,,,,,,,,,,,,,,,,,
12/31/2000,,,-3.3,,,,,,,,,,,,,,,,,,,,,
12/31/2000,,,-3.3,,,,,,,,,,,,,,,,,,,,,
12/31/2000,,,-4,,,,,,,,,,,,,,,,,,,,,
12/31/2000,,,-5.6,,,,,,,,,,,,,,,,,,,,,
12/31/2000,,,-5,,,,,,,,,,,,,,,,,,,,,
12/31/2000,,,-5,,,,,,,,,,,,,,,,,,,,,
12/31/2000,,,-5.6,,,,,,,,,,,,,,,,,,,,,
12/31/2000,,,-6.1,,,,,,,,,,,,,,,,,,,,,
12/31/2000,,,-6.1,,,,,,,,,,,,,,,,,,,,,
12/31/2000,,,-6.1,,,,,,,,,,,,,,,,,,,,,
